     I  COEFFICIENT            ORDER EXPONENTS
     1  -1.715514903325681       1   1 0  0 0
     2   17.03317226351526       1   0 1  0 0
     3  -.1654676249596799E-01   2   2 0  0 0
     4  -.1207399567151646       2   1 1  0 0
     5   1.143106178030000       2   0 2  0 0
     6  -.2319970580649446E-01   2   0 0  2 0
     7  -.1712718875595268       2   0 0  1 1
     8  -.3659718103668875       2   0 0  0 2
     ----------------------------------------
     I  COEFFICIENT            ORDER EXPONENTS
     1  -.2806799911403423       1   1 0  0 0
     2   2.203927597880863       1   0 1  0 0
     3  -.5711525920533037E-02   2   2 0  0 0
     4  0.5114836752036005E-01   2   1 1  0 0
     5  -.1444543014283075       2   0 2  0 0
     6  -.4788707115579339E-02   2   0 0  2 0
     7  -.2788276630325065E-01   2   0 0  1 1
     8  -.5451151713051023E-01   2   0 0  0 2
     ----------------------------------------
     I  COEFFICIENT            ORDER EXPONENTS
     1  0.8003110912941767       1   0 0  1 0
     2   4.420605026504142       1   0 0  0 1
     3  0.1525167025199916E-01   2   1 0  1 0
     4  -.1910954005911190       2   0 1  1 0
     5  0.1367694884940669E-01   2   1 0  0 1
     6  -.2356753614770067       2   0 1  0 1
     ----------------------------------------
     I  COEFFICIENT            ORDER EXPONENTS
     1  -.2829361009305964       1   0 0  1 0
     2  -.3133141008302078       1   0 0  0 1
     3  -.1135105729804529E-02   2   1 0  1 0
     4  -.8502962390592200E-02   2   0 1  1 0
     5  -.5134245130924432E-02   2   1 0  0 1
     6  -.3846011178170106E-01   2   0 1  0 1
     ----------------------------------------
