
 etall    1, NO =    8, NV =    6, INA =   19
 *********************************************

    I  COEFFICIENT          ORDER   EXPONENTS
     1   0.9855096075671E-15    0     0 0  0 0  0 0
  9.855096075670865E-016
     2   0.1873812695339        1     1 0  0 0  0 0
  0.187381269533894     
     3   0.9822872556110E-01    1     0 1  0 0  0 0
  9.822872556110185E-002
     4  -0.4335452119037E-09    1     0 0  0 0  1 0
 -4.335452119037243E-010
     5   0.2220681438970E-11    1     0 0  0 0  0 1
  2.220681438970365E-012
     6    1.587693089299        2     2 0  0 0  0 0
   1.58769308929933     
     7   0.1768381077546        2     1 1  0 0  0 0
  0.176838107754620     
     8   0.6021241041693E-01    2     0 2  0 0  0 0
  6.021241041693237E-002
     9    6.967699987821        2     0 0  2 0  0 0
   6.96769998782116     
    10   0.4112342319412E-01    2     0 0  1 1  0 0
  4.112342319412221E-002
    11   -7.265140421170        2     1 0  0 0  1 0
  -7.26514042116988     
    12   0.8163746781475E-01    2     0 1  0 0  1 0
  8.163746781474579E-002
    13  -0.1803679906108        2     1 0  0 0  0 1
 -0.180367990610786     
    14  -0.4156130516576E-02    2     0 1  0 0  0 1
 -4.156130516576262E-003
    15   0.2064995713947E-01    2     0 0  0 2  0 0
  2.064995713946605E-002
    16   0.4381285944424        2     0 0  0 0  2 0
  0.438128594442411     
    17   0.9747909610026E-02    2     0 0  0 0  1 1
  9.747909610026140E-003
    18  -0.4379851828739E-04    2     0 0  0 0  0 2
 -4.379851828738608E-005
                                      

 etall    1, NO =    8, NV =    6, INA =   23
 *********************************************

    I  COEFFICIENT          ORDER   EXPONENTS
     1  -0.8913151711212E-14    0     0 0  0 0  0 0
 -8.913151711212309E-015
     2   -9.822872564494        1     1 0  0 0  0 0
  -9.82287256449385     
     3   0.1873813040557        1     0 1  0 0  0 0
  0.187381304055665     
     4  -0.2110027956078E-08    1     0 0  0 0  1 0
 -2.110027956078319E-009
     5   0.1166811370875E-10    1     0 0  0 0  0 1
  1.166811370875424E-011
     6    10.00116794423        2     2 0  0 0  0 0
   10.0011679442300     
     7   -1.959973041608        2     1 1  0 0  0 0
  -1.95997304160825     
     8   -3.758591990258        2     0 2  0 0  0 0
  -3.75859199025845     
     9    41.51735164179        2     0 0  2 0  0 0
   41.5173516417862     
    10   -20.77596181516        2     0 0  1 1  0 0
  -20.7759618151595     
    11   -8.837677161948        2     1 0  0 0  1 0
  -8.83767716194761     
    12   -1.647318976480        2     0 1  0 0  1 0
  -1.64731897647958     
    13   0.5812397289146        2     1 0  0 0  0 1
  0.581239728914580     
    14   0.7029366801749        2     0 1  0 0  0 1
  0.702936680174857     
    15  -0.9015589585175        2     0 0  0 2  0 0
 -0.901558958517533     
    16   -8.239125842650        2     0 0  0 0  2 0
  -8.23912584265006     
    17   0.1748454711925E-01    2     0 0  0 0  1 1
  1.748454711925051E-002
    18  -0.7856015772942E-04    2     0 0  0 0  0 2
 -7.856015772941900E-005
                                      

 etall    1, NO =    8, NV =    6, INA =   24
 *********************************************

    I  COEFFICIENT          ORDER   EXPONENTS
     1   0.5358267906181        1     0 0  1 0  0 0
  0.535826790618074     
     2   0.1688655803214E-01    1     0 0  0 1  0 0
  1.688655803213779E-002
     3    4.443808438776        2     1 0  1 0  0 0
   4.44380843877582     
     4    1.191280919136        2     0 1  1 0  0 0
   1.19128091913603     
     5  -0.9525465067562E-01    2     1 0  0 1  0 0
 -9.525465067562200E-002
     6   0.6445908141752E-01    2     0 1  0 1  0 0
  6.445908141752454E-002
     7   -6.052320144385        2     0 0  1 0  1 0
  -6.05232014438482     
     8  -0.1139954380637        2     0 0  1 0  0 1
 -0.113995438063732     
     9   0.6566644786577E-01    2     0 0  0 1  1 0
  6.566644786576958E-002
    10  -0.2540383427514E-03    2     0 0  0 1  0 1
 -2.540383427513948E-004
                                      

 etall    1, NO =    8, NV =    6, INA =   25
 *********************************************

    I  COEFFICIENT          ORDER   EXPONENTS
     1   -42.21639734018        1     0 0  1 0  0 0
  -42.2163973401846     
     2   0.5358268034260        1     0 0  0 1  0 0
  0.535826803426001     
     3   -65.61220371584        2     1 0  1 0  0 0
  -65.6122037158405     
     4   -83.50912971961        2     0 1  1 0  0 0
  -83.5091297196121     
     5   0.9932915529579        2     1 0  0 1  0 0
  0.993291552957903     
     6   -8.901630692836        2     0 1  0 1  0 0
  -8.90163069283557     
     7   -94.24570347104        2     0 0  1 0  1 0
  -94.2457034710361     
     8    11.28242213907        2     0 0  1 0  0 1
   11.2824221390670     
     9   -2.091517369669        2     0 0  0 1  1 0
  -2.09151736966879     
    10   0.4895755038526        2     0 0  0 1  0 1
  0.489575503852568     
  

 etall    1, NO =    8, NV =    6, INA =   26
 *********************************************

    I  COEFFICIENT          ORDER   EXPONENTS
     1   0.4302717993998E-15    0     0 0  0 0  0 0
  4.302717993998451E-016
     2   0.1679232839524E-10    1     1 0  0 0  0 0
  1.679232839524014E-011
     3   0.3809075483672E-12    1     0 1  0 0  0 0
  3.809075483671616E-013
     4   0.9443046687879        1     0 0  0 0  1 0
  0.944304668787924     
     5  -0.8485746577634E-02    1     0 0  0 0  0 1
 -8.485746577633504E-003
     6    1.094920563964        2     2 0  0 0  0 0
   1.09492056396405     
     7  -0.9001525585769E-01    2     1 1  0 0  0 0
 -9.001525585768513E-002
     8  -0.3221768771180E-01    2     0 2  0 0  0 0
 -3.221768771179793E-002
     9   0.7162079472733        2     0 0  2 0  0 0
  0.716207947273271     
    10  -0.2516042638229        2     0 0  1 1  0 0
 -0.251604263822882     
    11  -0.1403516369556        2     1 0  0 0  1 0
 -0.140351636955646     
    12   0.1523167486512E-01    2     0 1  0 0  1 0
  1.523167486511968E-002
    13   0.3381680280681E-21    2     1 0  0 0  0 1
  3.381680280680746E-022
    14   0.7670809638530E-23    2     0 1  0 0  0 1
  7.670809638529921E-024
    15  -0.3668527617264E-02    2     0 0  0 2  0 0
 -3.668527617263954E-003
    16   0.5896665600835E-01    2     0 0  0 0  2 0
  5.896665600835185E-002
    17  -0.1121606240974E-11    2     0 0  0 0  1 1
 -1.121606240973981E-012
    18  -0.8544402298782E-13    2     0 0  0 0  0 2
 -8.544402298781681E-014
                                      

 etall    1, NO =    8, NV =    6, INA =   27
 *********************************************

    I  COEFFICIENT          ORDER   EXPONENTS
     1   0.7238654120556E-13    0     0 0  0 0  0 0
  7.238654120556021E-014
     2  -0.4692366090553E-08    1     1 0  0 0  0 0
 -4.692366090552565E-009
     3  -0.1286473950720E-09    1     0 1  0 0  0 0
 -1.286473950719991E-010
     4    12.99914895731        1     0 0  0 0  1 0
   12.9991489573064     
     5   0.9421668086904        1     0 0  0 0  0 1
  0.942166808690448     
     6   -23.59116402995        2     2 0  0 0  0 0
  -23.5911640299479     
     7  -0.7168067904687        2     1 1  0 0  0 0
 -0.716806790468726     
     8  -0.5372823301280        2     0 2  0 0  0 0
 -0.537282330128047     
     9   -152.1682285322        2     0 0  2 0  0 0
  -152.168228532191     
    10   -1.714628287759        2     0 0  1 1  0 0
  -1.71462828775911     
    11    3.913138713379        2     1 0  0 0  1 0
   3.91313871337943     
    12   -1.678306927882        2     0 1  0 0  1 0
  -1.67830692788176     
    13   0.1048694922407        2     1 0  0 0  0 1
  0.104869492240709     
    14  -0.1155251311406E-03    2     0 1  0 0  0 1
 -1.155251311405737E-004
    15  -0.8783174146299E-01    2     0 0  0 2  0 0
 -8.783174146299055E-002
    16   -10.64916412314        2     0 0  0 0  2 0
  -10.6491641231387     
    17   0.7372553163270E-01    2     0 0  0 0  1 1
  7.372553163270459E-002
    18  -0.3312575906577E-03    2     0 0  0 0  0 2
 -3.312575906577032E-004
                                      
