0 +3.3000000000e-02 +0.0000000000e+00 +3.3000000000e-02 +0.0000000000e+00 
1000 +6.3507698257e-02 +9.5125674902e-03 +4.6055948630e-03 +7.7108256732e-03 
2000 -4.4186747204e-02 -1.6727764811e-03 -2.7476141933e-02 +9.2390612574e-03 
3000 -5.5931331932e-02 -9.2320898870e-03 -3.7576242363e-02 +3.3835922743e-03 
4000 +5.3701672905e-02 +3.2535788485e-03 -1.7596245277e-02 -5.1896106583e-03 
5000 +4.6441663118e-02 +8.6442299275e-03 +1.6469885401e-02 -9.6039685414e-03 
6000 -6.1847739329e-02 -4.7655018364e-03 +3.7348515793e-02 -6.3279303131e-03 
7000 -3.5853843296e-02 -7.8326678780e-03 +2.8349559266e-02 +2.0041865311e-03 
8000 +6.7936434902e-02 +6.1095076213e-03 -3.3545702403e-03 +8.7456832170e-03 
9000 +2.3865905763e-02 +6.7463317557e-03 -3.2364233978e-02 +8.4719154299e-03 
10000 -7.2100657668e-02 -7.2832747756e-03 -3.5467584740e-02 +1.4255622423e-03 
11000 -1.1548975554e-02 -5.5029224283e-03 -1.0197215993e-02 -6.7638748189e-03 
12000 +7.4006589789e-02 +8.2268603300e-03 +2.3254257343e-02 -9.5463070988e-03 
13000 -1.5008387771e-03 +4.0492102179e-03 +3.8070685377e-02 -4.6721432870e-03 
14000 -7.3749959028e-02 -8.9291262553e-03 +2.2422431816e-02 +3.9266658362e-03 
15000 +1.4074378724e-02 -2.5228767614e-03 -1.1167952182e-02 +9.3956441002e-03 
16000 +7.1205373177e-02 +9.3550389181e-03 -3.5833864730e-02 +7.3385312807e-03 
17000 -2.6618925362e-02 +8.7654756208e-04 -3.1790241261e-02 -5.9856461544e-04 
18000 -6.6625670679e-02 -9.5099417145e-03 -2.3162723282e-03 -8.0453866837e-03 
19000 +3.7957299030e-02 +7.5106179850e-04 +2.9018672607e-02 -9.0684257447e-03 
20000 +5.9897674984e-02 +9.3627064471e-03 +3.7129114162e-02 -2.8182713819e-03 
21000 -4.8497016631e-02 -2.3933548975e-03 +1.5497690929e-02 +5.6816050336e-03 
22000 -5.1594767071e-02 -8.9581119664e-03 -1.8523768390e-02 +9.6339033325e-03 
23000 +5.7256148087e-02 +3.9280744274e-03 -3.7731711832e-02 +5.8832799244e-03 
24000 +4.1465233084e-02 +8.2523834233e-03 -2.6729704486e-02 -2.5897858685e-03 
25000 -6.4545343993e-02 -5.3716055386e-03 +5.6802912512e-03 -8.9782248420e-03 
26000 -3.0454368038e-02 -7.3397341374e-03 +3.3537105278e-02 -8.1902469588e-03 
27000 +6.9677068799e-02 +6.6287673358e-03 +3.4560070728e-02 -8.4286898230e-04 
28000 +1.8131997697e-02 +6.1597972498e-03 +7.9086299641e-03 +7.1821082505e-03 
29000 -7.2874398696e-02 -7.7041084274e-03 -2.5078610327e-02 +9.4515243445e-03 
30000 -5.7234299323e-03 -4.8481889397e-03 -3.7994798126e-02 +4.1663877087e-03 
31000 +7.3745910598e-02 +8.5305674395e-03 -2.0499809614e-02 -4.4642632264e-03 
32000 -7.3042834989e-03 +3.3377072611e-03 +1.3408865942e-02 -9.5132880940e-03 
33000 -7.2512269880e-02 -9.1138419120e-03 +3.6590978059e-02 -6.9518379453e-03 
34000 +1.9647383334e-02 -1.7823334132e-03 +3.0489564245e-02 +1.1723396714e-03 
35000 +6.8986734458e-02 +9.4073289894e-03 -2.2546678380e-05 +8.3650900788e-03 
36000 -3.1804899628e-02 +1.2526060870e-04 -3.0511268101e-02 +8.8505161309e-03 
37000 -6.3519531905e-02 -9.4345727013e-03 -3.6591487399e-02 +2.2639784180e-03 
38000 +4.2623112790e-02 +1.4893927673e-03 -1.3380966452e-02 -6.1445897845e-03 
39000 +5.5985062982e-02 +9.1572113710e-03 +2.0543988244e-02 -9.6302946930e-03 
40000 -5.2452856376e-02 -3.0935402350e-03 +3.8013644882e-02 -5.4030111155e-03 
41000 -4.6984601960e-02 -8.6308123760e-03 +2.5076445464e-02 +3.1385204902e-03 
42000 +6.0452642195e-02 +4.5744299921e-03 -7.9456652017e-03 +9.1827727503e-03 
43000 +3.6319897600e-02 +7.8143316720e-03 -3.4600949159e-02 +7.8618479889e-03 
44000 -6.6802353815e-02 -5.9362849908e-03 -3.3552356625e-02 +2.5527897065e-04 
45000 -2.4893795316e-02 -6.8011699553e-03 -5.6671169895e-03 -7.5557344532e-03 
46000 +7.1008153538e-02 +7.1042673758e-03 +2.6774301569e-02 -9.3281000886e-03 
47000 +1.2367599238e-02 +5.5430143023e-03 +3.7765229873e-02 -3.6176110115e-03 
48000 -7.3168520988e-02 -8.0670225888e-03 +1.8528848282e-02 +4.9740027981e-03 
49000 +1.0964194698e-04 -4.1655338719e-03 -1.5528320881e-02 +9.5958787014e-03 
50000 +7.3045055444e-02 +8.7784930646e-03 -3.7173697275e-02 +6.5339090412e-03 
51000 -1.2994410200e-02 +2.6167262554e-03 -2.9038336256e-02 -1.7655983481e-03 
52000 -7.0820021584e-02 -9.2345617768e-03 +2.3309494534e-03 -8.6402490580e-03 
53000 +2.5043608723e-02 -1.0387717885e-03 +3.1836578053e-02 -8.6142681607e-03 
54000 +6.6346507128e-02 +9.3997887796e-03 +3.5866421695e-02 -1.6807097301e-03 
55000 -3.6738811725e-02 -6.1470515647e-04 +1.1165446476e-02 +6.5936508046e-03 
56000 -6.0056096835e-02 -9.3011401907e-03 -2.2462948305e-02 +9.5893703710e-03 
57000 +4.6939701475e-02 +2.2058375899e-03 -3.8120547355e-02 +4.9179549044e-03 
58000 +5.1739953846e-02 +8.8968101728e-03 -2.3261908697e-02 -3.7019533670e-03 
59000 -5.6047155915e-02 -3.7660128375e-03 +1.0229099213e-02 -9.3480446690e-03 
60000 -4.2167217438e-02 -8.2591612573e-03 +3.5529890642e-02 -7.5208179293e-03 
61000 +6.3190638752e-02 +5.1802696135e-03 +3.2398304741e-02 +3.2960010413e-04 
62000 +3.0991740039e-02 +7.3327131844e-03 +3.3277182727e-03 +7.9184389428e-03 
63000 -6.8637469726e-02 -6.4618768887e-03 -2.8412005435e-02 +9.1626702660e-03 
64000 -1.9287225884e-02 -6.2335407476e-03 -3.7415979403e-02 +3.0832781926e-03 
65000 +7.1858811449e-02 +7.5284553957e-03 -1.6469022628e-02 -5.4747635427e-03 
66000 +6.5949926137e-03 +4.8976486069e-03 +1.7660171861e-02 -9.6415630833e-03 
67000 -7.3029754177e-02 -8.3819718751e-03 +3.7659720952e-02 -6.0953626518e-03 
68000 +5.8515893437e-03 -3.4678127465e-03 +2.7523683861e-02 +2.3278501549e-03 
69000 +7.1913276343e-02 +8.9702125120e-03 -4.6524155051e-03 +8.8955391105e-03 
70000 -1.8528132572e-02 +1.8852863601e-03 -3.3093785341e-02 +8.3299299323e-03 
71000 -6.8721050475e-02 -9.2996413722e-03 -3.5059429561e-02 +1.1097121632e-03 
72000 +3.0241010348e-02 -2.9461508945e-04 -8.9639133361e-03 -7.0086748491e-03 
73000 +6.3361812109e-02 +9.3357185288e-03 +2.4314536988e-02 -9.5136971523e-03 
74000 -4.1378461153e-02 -1.3435928047e-03 +3.8113428339e-02 -4.3971163621e-03 
75000 -5.6245444570e-02 -9.1085611508e-03 +2.1426244207e-02 +4.2270543669e-03 
76000 +5.0961888800e-02 +2.9054067263e-03 -1.2421557082e-02 +9.4835502843e-03 
77000 +4.7252449347e-02 +8.5852975580e-03 -3.6324476539e-02 +7.1348609894e-03 
78000 -5.9241852929e-02 -4.4048502506e-03 -3.1137023801e-02 -9.1946928815e-04 
79000 -3.7107251493e-02 -7.8341809404e-03 -1.0480623402e-03 -8.2358858777e-03 
80000 +6.5541813118e-02 +5.7499784384e-03 +2.9898713708e-02 -8.9710997470e-03 
81000 +2.5539959076e-02 +6.8125513908e-03 +3.6898658055e-02 -2.5090708997e-03 
82000 -7.0011760504e-02 -6.9359966542e-03 +1.4357777247e-02 +5.9479367513e-03 
83000 -1.3596613695e-02 -5.6297209140e-03 -1.9662348231e-02 +9.6537612757e-03 
84000 +7.2253761060e-02 +7.9006088312e-03 -3.7962299028e-02 +5.6317061528e-03 
85000 +8.3915189254e-04 +4.2318733673e-03 -2.5854200804e-02 -2.9066401128e-03 
86000 -7.2431525915e-02 -8.6376865101e-03 +6.9457796066e-03 -9.1069817171e-03 
87000 +1.1484517109e-02 -2.7582430524e-03 +3.4184912329e-02 -8.0319900899e-03 
88000 +7.0317692653e-02 +9.1022442247e-03 +3.4070649441e-02 -5.1746729617e-04 
89000 -2.3895375660e-02 +1.1527079460e-03 +6.6661072782e-03 +7.4078005058e-03 
90000 -6.6233419751e-02 -9.3083109954e-03 -2.6070128550e-02 +9.4023270486e-03 
91000 +3.5150423712e-02 +4.3738827008e-04 -3.7945122320e-02 +3.8790943713e-03 
92000 +5.9986751446e-02 +9.2134822182e-03 -1.9447112197e-02 -4.7598784238e-03 
93000 -4.5720386845e-02 -2.0568633645e-03 +1.4627051736e-02 -9.5787785957e-03 
94000 -5.2166585370e-02 -8.8684660590e-03 +3.6995583502e-02 -6.7393479777e-03 
95000 +5.4579680093e-02 +3.5745354580e-03 +2.9755782788e-02 +1.4978947819e-03 
96000 +4.2514186264e-02 +8.2238563850e-03 -1.3048836042e-03 +8.5377543782e-03 
97000 -6.2048619001e-02 -5.0139222535e-03 -3.1323800046e-02 +8.7371960549e-03 
98000 -3.1912940196e-02 -7.3716914461e-03 -3.6280791550e-02 +1.9538385587e-03 
99000 +6.7450397864e-02 +6.2770847779e-03 -1.2192703412e-02 -6.4047592453e-03 
100000 +2.0004622719e-02 +6.2551776666e-03 +2.1651685382e-02 -9.6269545847e-03 
101000 -7.0952709357e-02 -7.3669101146e-03 +3.8168441733e-02 -5.1475911081e-03 
102000 -7.8944132361e-03 -4.9987096473e-03 +2.4147058935e-02 +3.4494338979e-03 
103000 +7.2225402673e-02 +8.2219652612e-03 -9.2151083933e-03 +9.2945902977e-03 
104000 -4.8383028185e-03 +3.5459966765e-03 -3.5186959391e-02 +7.6856180734e-03 
105000 -7.1393705359e-02 -8.8378344085e-03 -3.3004694382e-02 -6.1944246534e-05 
106000 +1.7014128082e-02 -2.0351723069e-03 -4.4106785872e-03 -7.7692971877e-03 
107000 +6.8346167870e-02 +9.1787680082e-03 +2.7726309323e-02 -9.2562754224e-03 
108000 -2.9040876014e-02 +4.2155535013e-04 +3.7648512310e-02 -3.3256242076e-03 
109000 -6.3342769057e-02 -9.2546118709e-03 +1.7454599484e-02 +5.2537473410e-03 
110000 +3.9833583297e-02 +1.1636463243e-03 -1.6716643769e-02 +9.6439326133e-03 
111000 +5.6301977927e-02 +9.0367677208e-03 -3.7510626541e-02 +6.3020480512e-03 
112000 -4.9721021879e-02 -2.7457906351e-03 -2.8259521847e-02 -2.0810301318e-03 
113000 -4.7778748024e-02 -8.5700776727e-03 +3.5907421046e-03 -8.7945600766e-03 
114000 +5.7842733808e-02 +4.2157334534e-03 +3.2582719299e-02 -8.4809820493e-03 
115000 +3.7562845413e-02 +7.8166922659e-03 +3.5485371082e-02 -1.3630922624e-03 
116000 -6.4432066492e-02 -5.5802040475e-03 +9.9726490894e-03 +6.8340417454e-03 
117000 -2.6565507071e-02 -6.8667621239e-03 -2.3508965249e-02 +9.5688675417e-03 
118000 +6.8903574689e-02 +6.7573927254e-03 -3.8189953591e-02 +4.6455512118e-03 
119000 +1.4391110714e-02 +5.6671779696e-03 -2.2286219352e-02 -4.0048843121e-03 
120000 -7.1445759055e-02 -7.7456253681e-03 +1.1459074860e-02 -9.4388675383e-03 
121000 -2.2301906195e-03 -4.3477350752e-03 +3.6029855168e-02 -7.3306434625e-03 
122000 +7.1711398680e-02 +8.4860221447e-03 +3.1770288426e-02 +6.5418965421e-04 
123000 -1.0436152843e-02 +2.8469290101e-03 +2.0667268635e-03 +8.1123222406e-03 
124000 -6.9947606989e-02 -8.9850044584e-03 -2.9291996386e-02 +9.0758209805e-03 
125000 +2.2329930221e-02 -1.3139279408e-03 -3.7209383432e-02 +2.7823792470e-03 
126000 +6.5946344962e-02 +9.1964455958e-03 -1.5343099168e-02 -5.7481200804e-03 
127000 -3.3957818233e-02 -3.0593891439e-04 +1.8809620623e-02 -9.6674777762e-03 
128000 -6.0129813164e-02 -9.1514522183e-03 +3.7913233532e-02 -5.8576358003e-03 
129000 +4.4184265002e-02 +1.8709771534e-03 +2.6672847248e-02 +2.6446314238e-03 
130000 +5.2312714845e-02 +8.8061992366e-03 -5.9202609663e-03 +9.0313294457e-03 
131000 -5.3377875151e-02 -3.4145800315e-03 -3.3772392915e-02 +8.1818783559e-03 
132000 -4.3172225806e-02 -8.2267367331e-03 -3.4606978177e-02 +7.9485860817e-04 
133000 +6.0718220286e-02 +4.8247767266e-03 -7.7347774261e-03 -7.2406171482e-03 
134000 +3.2458047492e-02 +7.3655527076e-03 +2.5325048202e-02 -9.4702321067e-03 
135000 -6.6396841727e-02 -6.1091289988e-03 +3.8111656339e-02 -4.1229060476e-03 
136000 -2.1106961125e-02 -6.3236159431e-03 +2.0410283708e-02 +4.5206294573e-03 
137000 +6.9954599280e-02 +7.1940391532e-03 -1.3643323168e-02 +9.5566249305e-03 
138000 +8.7745857880e-03 +5.0503771067e-03 -3.6761370430e-02 +6.9276375596e-03 
139000 -7.1485336048e-02 -8.0709348798e-03 -3.0459748632e-02 -1.2335144591e-03 
140000 +3.4240792837e-03 -3.6714666252e-03 +2.1145382510e-04 -8.4155266968e-03 
141000 +7.0800223961e-02 +8.6972378219e-03 +3.0729856865e-02 -8.8621600148e-03 
142000 -1.5895016744e-02 +2.1394591979e-03 +3.6627708522e-02 -2.2047521428e-03 
143000 -6.8062619360e-02 -9.0694124598e-03 +1.3221836765e-02 +6.2035133855e-03 
144000 +2.7489479848e-02 -5.8794007304e-04 -2.0768329587e-02 +9.6619704854e-03 
145000 +6.3178337473e-02 +9.1578448999e-03 -3.8143374107e-02 +5.3759509686e-03 
146000 -3.8606066926e-02 -1.0195663279e-03 -2.4964178015e-02 -3.2120873251e-03 
147000 -5.6557708951e-02 -8.9878662831e-03 +8.1799467833e-03 -9.2237906158e-03 
148000 +4.8221566906e-02 +2.5589192582e-03 +3.4788270544e-02 -7.8653916040e-03 
149000 +4.8029278887e-02 +8.5241798426e-03 +3.3547779011e-02 -1.9664131196e-04 
150000 -5.6664310529e-02 -4.0510025301e-03 +5.4394420098e-03 +7.6193057549e-03 
151000 -3.8351409062e-02 -7.8367062318e-03 -2.7011444797e-02 +9.3428386350e-03 
152000 +6.3155980106e-02 +5.3937365419e-03 -3.7855252338e-02 +3.5902698060e-03 
153000 +2.7186874172e-02 +6.8748447543e-03 -1.8388121324e-02 -5.0443190890e-03 
154000 -6.7939269292e-02 -6.5946227924e-03 +1.5803851894e-02 -9.6312434677e-03 
155000 -1.5613005360e-02 -5.7531300709e-03 +3.7344951972e-02 -6.5209442919e-03 
156000 +7.0520199584e-02 +7.5780995038e-03 +2.9001093435e-02 +1.8169308414e-03 
157000 +3.1536011943e-03 +4.4093616378e-03 -2.5646413292e-03 +8.6972350807e-03 
158000 -7.1108334971e-02 -8.3481082662e-03 -3.2081493915e-02 +8.6149543887e-03 
159000 +8.9491900435e-03 -2.9863394515e-03 -3.5925259561e-02 +1.6442189673e-03 
160000 +6.9443669613e-02 +8.8515739582e-03 -1.1011589858e-02 -6.6523094984e-03 
161000 -2.1197604298e-02 +1.4243254720e-03 +2.2715948295e-02 -9.6133687821e-03 
162000 -6.5810390049e-02 -9.1036374704e-03 +3.8270343962e-02 -4.8888946410e-03 
163000 +3.2402258671e-02 +1.3158333571e-04 +2.3195846647e-02 +3.7528698194e-03 
164000 +6.0066622122e-02 +9.0639229290e-03 -1.0450114013e-02 +9.3922919209e-03 
165000 -4.2964534384e-02 -1.7227389709e-03 -3.5723391697e-02 +7.5054288091e-03 
166000 -5.2691118032e-02 -8.7732825770e-03 -3.2420351793e-02 -3.7653795058e-04 
167000 +5.1939218207e-02 +3.2262803918e-03 -3.1612398347e-03 -7.9701838917e-03 
168000 +4.3528532850e-02 +8.1932981997e-03 +2.8626846384e-02 -9.1741973361e-03 
169000 -5.9562773529e-02 -4.6570032537e-03 +3.7492393968e-02 -3.0367964509e-03 
170000 -3.3328401165e-02 -7.3991530786e-03 +1.6369177093e-02 +5.5258246701e-03 
171000 +6.5223605498e-02 +5.9273722030e-03 -1.7872335840e-02 +9.6780762726e-03 
172000 +2.1829687385e-02 +6.3476590925e-03 -3.7795277160e-02 +6.0675990310e-03 
173000 -6.9034486216e-02 -7.0310582816e-03 -2.7464242970e-02 -2.3875718766e-03 
174000 -1.0041914618e-02 -5.1472553910e-03 +4.8343842438e-03 -8.9381985602e-03 
175000 +7.0677855755e-02 +7.9133688483e-03 +3.3282196980e-02 -8.3374591871e-03 
176000 -2.4181784983e-03 +3.7501827555e-03 +3.5067775816e-02 -1.0512859269e-03 
177000 -7.0277100854e-02 -8.5649843892e-03 +8.7919293629e-03 +7.0624361102e-03 
178000 +1.4387993377e-02 -2.2869939506e-03 -2.4517793324e-02 +9.5378436213e-03 
179000 +6.7672330432e-02 +8.9494667773e-03 -3.8215056191e-02 +4.3703903742e-03 
180000 -2.6314255095e-02 +7.1185191523e-04 -2.1300976514e-02 -4.2959378936e-03 
181000 -6.3165023768e-02 -9.0780266391e-03 +1.2651178248e-02 -9.5175132760e-03 
182000 +3.7052333470e-02 +8.4045224214e-04 +3.6484428762e-02 -7.1338023829e-03 
183000 +5.6592566965e-02 +8.9146255375e-03 +3.1115955582e-02 +9.7314209510e-04 
184000 -4.7016932922e-02 -2.4051002549e-03 +8.2565473964e-04 +8.2923354240e-03 
185000 -4.8557105060e-02 -8.5096191195e-03 -3.0118289960e-02 +8.9793346210e-03 
186000 +5.5254926807e-02 +3.8617098671e-03 -3.6964936990e-02 +2.4816518155e-03 
187000 +3.8784428018e-02 +7.8156906834e-03 -1.4218220428e-02 -6.0099243584e-03 
188000 -6.2075946476e-02 -5.2294875862e-03 +1.9916296389e-02 -9.6815776998e-03 
189000 -2.8195787944e-02 -6.9276512928e-03 +3.8111524838e-02 -5.6150940108e-03 
190000 +6.6828261997e-02 +6.4154008909e-03 +2.5805403981e-02 +2.9536167048e-03 
191000 +1.6389994661e-02 +5.7867747938e-03 -7.1598576228e-03 +9.1544107429e-03 
192000 -6.9716104174e-02 -7.4252814332e-03 -3.4398508138e-02 +8.0268187064e-03 
193000 -4.5084494061e-03 -4.5218156475e-03 -3.4112497590e-02 +4.8149488966e-04 
194000 +7.0393267424e-02 +8.1962464505e-03 -6.5172253435e-03 -7.4593472879e-03 
195000 -7.9074743368e-03 +3.0730238388e-03 +2.6289599427e-02 -9.4178182461e-03 
196000 -6.9045428655e-02 -8.7322423592e-03 +3.8063045702e-02 -3.8475739494e-03 
197000 +1.9674524837e-02 -1.5813073089e-03 +1.9376476195e-02 +4.8063702884e-03 
198000 +6.5531952419e-02 +8.9928799575e-03 -1.4827814957e-02 +9.6156999265e-03 
199000 -3.1204576342e-02 +2.6468690658e-07 -3.7149934293e-02 +6.7183243433e-03 
200000 -6.0162213026e-02 -8.9971754799e-03 -2.9754419813e-02 -1.5431200092e-03 
201000 +4.1458922629e-02 +1.5407602616e-03 +1.4607680258e-03 -8.5829673565e-03 
202000 +5.2843974273e-02 +8.7133776003e-03 +3.1509398738e-02 -8.7436159648e-03 
203000 -5.0728113183e-02 -3.0650259540e-03 +3.6321951459e-02 -1.9055988894e-03 
204000 -4.4142677070e-02 -8.1913762994e-03 +1.2084002372e-02 +6.4504518726e-03 
205000 +5.8240952713e-02 +4.4708348110e-03 -2.1840879253e-02 +9.6574841515e-03 
206000 +3.3872188324e-02 +7.3950454542e-03 -3.8274907361e-02 +5.1184720870e-03 
207000 -6.4168024566e-02 -5.7594008713e-03 -2.4064237866e-02 -3.5070132296e-03 
208000 -2.2908253750e-02 -6.4127892659e-03 +9.3901134009e-03 -9.3300081492e-03 
209000 +6.8025280510e-02 +6.8598568488e-03 +3.5347357755e-02 -7.6901766303e-03 
210000 +1.0906856034e-02 +5.1983634536e-03 +3.2993137276e-02 +1.1768353947e-04 
211000 -6.9947813529e-02 -7.7643540466e-03 +4.2313981628e-03 +7.8179777729e-03 
212000 +1.0074047857e-03 -3.8739223938e-03 -2.7910726425e-02 +9.2738184904e-03 
213000 +6.9662223007e-02 +8.4242490735e-03 -3.7726405493e-02 +3.3002804809e-03 
214000 -1.3298946416e-02 +2.3871452315e-03 -1.7324803677e-02 -5.3167450118e-03 
215000 -6.7401895468e-02 -8.8426980043e-03 +1.6938162569e-02 -9.6716504743e-03 
216000 +2.4758196771e-02 -8.7744546065e-04 +3.7647666969e-02 -6.2973453843e-03 
217000 +6.2977956192e-02 +8.9791157745e-03 +2.8227150309e-02 +2.1291655643e-03 
218000 -3.5860537724e-02 -7.0253679820e-04 -3.8006738432e-03 +8.8435240964e-03 
219000 -5.6847044450e-02 -8.8665057570e-03 -3.2784071412e-02 +8.4839724595e-03 
220000 +4.5517034035e-02 +2.2186112266e-03 -3.5533646135e-02 +1.3361975636e-03 
221000 +4.8789661850e-02 +8.4604351637e-03 -9.8385649933e-03 -6.8878498091e-03 
222000 -5.4100392106e-02 -3.7019391170e-03 +2.3736655112e-02 -9.5895055807e-03 
223000 -3.9545897754e-02 -7.8334152968e-03 +3.8319004807e-02 -4.6265938993e-03 
224000 +6.0807266498e-02 +5.0433731299e-03 +2.2231389653e-02 +4.0475588870e-03 
225000 +2.8807593875e-02 +6.9331171141e-03 -1.1651627674e-02 +9.4776426365e-03 
226000 -6.5861096684e-02 -6.2538508605e-03 -3.6210391852e-02 +7.3203930515e-03 
227000 -1.7564398461e-02 -5.8680672683e-03 -3.1798428196e-02 -6.8868851888e-04 
228000 +6.8801422032e-02 +7.2586195727e-03 -1.9265246826e-03 -8.1575930093e-03 
229000 +5.4320437399e-03 +4.5828992515e-03 +2.9479262764e-02 -9.0842610470e-03 
230000 -6.9760174421e-02 -8.0557702564e-03 +3.7296083488e-02 -2.7491585846e-03 
231000 +6.4688055274e-03 -3.2072162365e-03 +1.5271091279e-02 +5.7898271361e-03 
232000 +6.8549491389e-02 +8.6006401651e-03 -1.8989435113e-02 +9.6986044950e-03 
233000 -1.8536200615e-02 +1.6928216191e-03 -3.8032915767e-02 +5.8326067696e-03 
234000 -6.5354409473e-02 -8.8958303716e-03 -2.6649842657e-02 -2.6877795638e-03 
235000 +2.9678303675e-02 -1.7035652217e-04 +6.0638449167e-03 -9.0702826097e-03 
236000 +6.0099640150e-02 +8.9119895733e-03 +3.3931468955e-02 -8.1851366212e-03 
237000 -4.0236970693e-02 -1.3918343558e-03 +3.4619544258e-02 -7.4622136926e-04 
238000 -5.3189287249e-02 -8.6768306298e-03 +7.6185718006e-03 +7.2811690842e-03 
239000 +4.9292424405e-02 +2.8793986500e-03 -2.5491918719e-02 +9.4955103363e-03 
240000 +4.4489146260e-02 +8.1591435663e-03 -3.8194654743e-02 +4.0943883967e-03 
241000 -5.7095800867e-02 -4.3046950272e-03 -2.0311354103e-02 -4.5753335105e-03 
242000 -3.4727564955e-02 -7.4264840513e-03 +1.3811704010e-02 -9.5855793379e-03 
243000 +6.2978240113e-02 +5.5785694140e-03 +3.6896773039e-02 -6.9300957551e-03 
244000 +2.3608808574e-02 +6.4351017934e-03 +3.0435523118e-02 +1.2850094410e-03 
245000 -6.7126205060e-02 -6.7006158859e-03 -3.9180945081e-04 +8.4591759729e-03 
246000 -1.2171407161e-02 -5.2939871687e-03 -3.0898051239e-02 +8.8741757419e-03 
247000 +6.9117047068e-02 +7.6059083984e-03 -3.6686420716e-02 +2.1814242936e-03 
248000 -3.3430868562e-05 +3.9477708205e-03 -1.3094671612e-02 -6.2597604700e-03 
249000 -6.9155811746e-02 -8.2954582881e-03 +2.0977807135e-02 -9.6841767170e-03 
250000 +1.1795690247e-02 -2.5334909317e-03 +3.8262110446e-02 -5.3686115051e-03 
251000 +6.6991650647e-02 +8.7204082219e-03 +2.4925161075e-02 +3.2546068521e-03 
252000 -2.3614370625e-02 +9.9543652898e-04 -8.3718948984e-03 +9.2651776846e-03 
253000 -6.2958245305e-02 -8.8998332655e-03 -3.4970174067e-02 +7.8642476217e-03 
254000 +3.4319336248e-02 +5.2485355281e-04 -3.3583592603e-02 +1.7085161524e-04 
255000 +5.6869945896e-02 +8.7906387887e-03 -5.3140029694e-03 -7.6655776874e-03 
256000 -4.4328522470e-02 -2.0687270994e-03 +2.7210007418e-02 -9.3568201353e-03 
257000 -4.9280814973e-02 -8.4426432485e-03 +3.7965154408e-02 -3.5700543388e-03 
258000 +5.2709240692e-02 +3.5142688934e-03 +1.8332254264e-02 +5.0827783182e-03 
259000 +3.9975817763e-02 +7.8110755746e-03 -1.5974451750e-02 +9.6626888924e-03 
260000 -5.9718945002e-02 -4.8793828072e-03 -3.7492314954e-02 +6.5064038082e-03 
261000 -2.9761526119e-02 -6.9803112210e-03 -2.9017640141e-02 -1.8492413646e-03 
262000 +6.4764960125e-02 +6.0765189693e-03 +2.6931473548e-03 -8.7370404880e-03 
263000 +1.8344777754e-02 +5.9023271185e-03 +3.2239410473e-02 -8.6181006772e-03 
264000 -6.7969447904e-02 -7.1032007492e-03 +3.5982618601e-02 -1.6099435908e-03 
265000 -6.7371384800e-03 -4.6896403256e-03 +1.0939980385e-02 +6.6890745861e-03 
266000 +6.9049616626e-02 +7.9061161661e-03 -2.2874704771e-02 +9.6400934200e-03 
267000 -5.4239922672e-03 +3.2952166075e-03 -3.8361138632e-02 +4.8616619606e-03 
268000 -6.8119932244e-02 -8.4781534147e-03 -2.3153732987e-02 -3.7937683393e-03 
269000 +1.7038768877e-02 -1.8455937512e-03 +1.0581187689e-02 -9.4253589413e-03 
270000 +6.5068379079e-02 +8.7869567235e-03 +3.5858869662e-02 -7.5071957720e-03 
271000 -2.8487279122e-02 +3.0188559179e-04 +3.2411882935e-02 +4.2413936504e-04 
272000 -6.0175163491e-02 -8.8432284272e-03 +3.0392469338e-03 +8.0060304540e-03 
273000 +3.8729791777e-02 +1.2120973668e-03 -2.8773332921e-02 +9.1949121938e-03 
274000 +5.3323725842e-02 +8.6170549694e-03 -3.7557158275e-02 +3.0104436123e-03 
275000 -4.8102519804e-02 -2.7214259885e-03 -1.6261886000e-02 -5.5768919065e-03 
276000 -4.5096102718e-02 -8.1562843289e-03 +1.8034279408e-02 -9.7015114735e-03 
277000 +5.5755952033e-02 +4.1189377508e-03 +3.7909538236e-02 -6.0686289255e-03 
278000 +3.5244410184e-02 +7.4196120722e-03 +2.7433523684e-02 +2.4337221842e-03 
279000 -6.1950840063e-02 -5.4156618113e-03 -5.0094183726e-03 +8.9768194708e-03 
280000 -2.4682067747e-02 -6.4991939461e-03 -3.3436617512e-02 +8.3451147021e-03 
281000 +6.6096596455e-02 +6.5282885268e-03 -3.5112087693e-02 +1.0302878919e-03 
282000 +1.3005885591e-02 +5.3399775188e-03 -8.6729106358e-03 -7.1115144589e-03 
283000 -6.8403458050e-02 -7.4607081558e-03 +2.4711197861e-02 -9.5551590795e-03 
284000 -1.3619904311e-03 -4.0695217553e-03 +3.8319723148e-02 -4.3614387734e-03 
285000 +6.8526875359e-02 +8.1527120778e-03 +2.1259584296e-02 +4.3331402168e-03 
286000 -1.0731134545e-02 +2.6285067565e-03 -1.2821637049e-02 +9.5515969249e-03 
287000 -6.6708514883e-02 -8.6136419176e-03 -3.6645414739e-02 +7.1294360236e-03 
288000 +2.2085054770e-02 -1.1582352376e-03 -3.1144189900e-02 -9.9726584139e-04 
289000 +6.2765455820e-02 +8.7992569429e-03 -7.1117835629e-04 -8.3320740760e-03 
290000 -3.3135734249e-02 -3.8958960588e-04 +3.0286925318e-02 -8.9874169764e-03 
291000 -5.7080786578e-02 -8.7384942474e-03 +3.7056149572e-02 -2.4609977291e-03 
292000 +4.2856591125e-02 +1.8852040555e-03 +1.4165425475e-02 +6.0442513993e-03 
293000 +4.9514025391e-02 +8.3933222012e-03 -2.0065579527e-02 +9.7072953840e-03 
294000 -5.1543586580e-02 -3.3539821675e-03 -3.8227460144e-02 +5.5971461313e-03 
295000 -4.0679863269e-02 -7.8227417226e-03 -2.5811539886e-02 -2.9833147763e-03 
296000 +5.8466771749e-02 +4.6959913098e-03 +7.2745707090e-03 -9.1894709776e-03 
297000 +3.0375821164e-02 +6.9870912173e-03 +3.4530911599e-02 -8.0265902229e-03 
298000 -6.3776016079e-02 -5.9128310912e-03 +3.4143868118e-02 -4.4678571665e-04 
299000 -1.9472524379e-02 -5.9779984732e-03 +6.4465800072e-03 +7.4912648419e-03 
300000 +6.7053825445e-02 +6.9387800385e-03 -2.6427874663e-02 +9.4413106344e-03 
301000 +7.6577281029e-03 +4.7517128581e-03 -3.8131394549e-02 +3.8199889297e-03 
302000 -6.8398443387e-02 -7.7640703165e-03 -1.9318820754e-02 -4.8449400407e-03 
303000 +4.0058839889e-03 -3.4256195239e-03 +1.4947436134e-02 -9.6434082210e-03 
304000 +6.7607916311e-02 +8.3476913316e-03 +3.7264931237e-02 -6.7199050666e-03 
305000 -1.5916350160e-02 +1.9555443252e-03 +2.9732694939e-02 +1.5882759338e-03 
306000 -6.4884092518e-02 -8.6897313641e-03 -1.5861392701e-03 +8.6146472150e-03 
307000 +2.6957285935e-02 -4.7014307963e-04 -3.1638516581e-02 +8.7604757787e-03 
308000 +6.0087320905e-02 +8.7570826305e-03 -3.6373242884e-02 +1.8824962241e-03 
309000 -3.7537099077e-02 -1.0678705887e-03 -1.1975906278e-02 -6.4971580783e-03 
310000 -5.3667418374e-02 -8.5806742601e-03 +2.1996036465e-02 -9.6764087014e-03 
311000 +4.6652102475e-02 +2.5360865536e-03 +3.8372547408e-02 -5.1186334883e-03 
312000 +4.5413841146e-02 +8.1205778912e-03 +2.4032037165e-02 +3.5472475972e-03 
313000 -5.4641678843e-02 -3.9586210685e-03 -9.5538683795e-03 +9.3635940683e-03 
314000 -3.6089026315e-02 -7.4499144862e-03 -3.5489862003e-02 +7.6946412110e-03 
315000 +6.0748153187e-02 +5.2340292007e-03 -3.3027976768e-02 -1.3624441296e-04 
316000 +2.5356365290e-02 +6.5166452352e-03 -4.1243184171e-03 -7.8599741158e-03 
317000 -6.5210495236e-02 -6.3726843499e-03 +2.8084477903e-02 -9.2867658539e-03 
318000 -1.4242008324e-02 -5.4325330910e-03 +3.7820435300e-02 -3.2906922594e-03 
319000 +6.7566771205e-02 +7.3010617403e-03 +1.7284971348e-02 +5.3491656880e-03 
320000 +2.3193324861e-03 +4.1394072871e-03 -1.7085663519e-02 +9.6991184838e-03 
321000 -6.8001746848e-02 -8.0232460140e-03 -3.7786500857e-02 +6.2904716231e-03 
322000 +9.2679390650e-03 -2.7706142469e-03 -2.8251633883e-02 -2.1511206938e-03 
323000 +6.6297818625e-02 +8.4907873912e-03 +3.9025125319e-03 -8.8779299616e-03 
324000 -2.0943050354e-02 +1.2748800507e-03 +3.2924038800e-02 -8.4871973400e-03 
325000 -6.2699108272e-02 -8.7154986991e-03 +3.5606497083e-02 -1.3156520632e-03 
326000 +3.1629722379e-02 +2.1606126444e-04 +9.7917447325e-03 +6.9181351323e-03 
327000 +5.7104728640e-02 +8.6634022380e-03 -2.3865946835e-02 +9.6112026828e-03 
328000 -4.1657472981e-02 -1.7343812556e-03 -3.8407086508e-02 +4.6062720638e-03 
329000 -4.9950794834e-02 -8.3696620942e-03 -2.2227778495e-02 -4.0745183901e-03 
330000 +5.0168231639e-02 +3.1695695059e-03 +1.1751599015e-02 -9.5085762316e-03 
331000 +4.1107579627e-02 +7.8018881042e-03 +3.6321585000e-02 -7.3187005574e-03 
332000 -5.7365981648e-02 -4.5308111560e-03 +3.1808611560e-02 +7.2316352336e-04 
333000 -3.1290084430e-02 -7.0293432358e-03 +1.8566169978e-03 +8.1850207816e-03 
334000 +6.2672896300e-02 +5.7374994492e-03 -2.9598459021e-02 +9.1054449273e-03 
335000 +2.0241785256e-02 +6.0124806840e-03 -3.7348474125e-02 +2.7229674279e-03 
336000 -6.6218134262e-02 -6.7836828885e-03 -1.5202520438e-02 -5.8259944700e-03 
337000 -8.9475701142e-03 -4.8553395026e-03 +1.9099519299e-02 -9.7216580125e-03 
338000 +6.7664982331e-02 +7.6147391919e-03 +3.8130818347e-02 -5.8349166138e-03 
339000 -2.9851491260e-03 +3.5107707839e-03 +2.6622199443e-02 +2.7292343222e-03 
340000 -6.7183384189e-02 -8.2268327081e-03 -6.1894007208e-03 +9.0983374997e-03 
341000 +1.4416350714e-02 -2.1067214897e-03 -3.4046923202e-02 +8.1989129272e-03 
342000 +6.4569131425e-02 +8.5790312541e-03 -3.4661708936e-02 +7.2695989784e-04 
343000 -2.5799859016e-02 +5.9597661625e-04 -7.5163788973e-03 -7.3229296192e-03 
344000 -6.0163839913e-02 -8.6893038973e-03 +2.5639238315e-02 -9.5108927706e-03 
345000 +3.6023267405e-02 +8.8877552229e-04 +3.8280536133e-02 -4.0941999123e-03 
346000 +5.3774556759e-02 +8.5171659719e-03 +2.0281603110e-02 +4.6096135204e-03 
347000 -4.5491557249e-02 -2.3840637412e-03 -1.3959280066e-02 +9.6141907139e-03 
348000 -4.6002525914e-02 -8.1161859980e-03 -3.7028404567e-02 +6.9324427087e-03 
349000 +5.3300102362e-02 +3.7729301449e-03 -3.0465747364e-02 -1.3011288659e-03 
350000 +3.6585494801e-02 +7.4388854303e-03 +4.8474224103e-04 -8.4946749455e-03 
351000 -5.9728231447e-02 -5.0741389383e-03 +3.1049587695e-02 -8.8832373326e-03 
352000 -2.6388607425e-02 -6.5764976541e-03 +3.6772195869e-02 -2.1720427460e-03 
353000 +6.4184025344e-02 +6.2003079605e-03 +1.3059926541e-02 +6.2880373059e-03 
354000 +1.5066939078e-02 +5.4759114554e-03 -2.1102710018e-02 +9.7061204279e-03 
355000 -6.6830160231e-02 -7.1545412370e-03 -3.8378313824e-02 +5.3597953265e-03 
356000 -3.6642427967e-03 -4.2556537776e-03 -2.4948433670e-02 -3.2740124743e-03 
357000 +6.7375749755e-02 +7.8810050871e-03 +8.4599692701e-03 -9.2954903604e-03 
358000 -8.2017385360e-03 +2.8653831651e-03 +3.5084524019e-02 -7.8639362585e-03 
359000 -6.5969743300e-02 -8.3795848409e-03 +3.3638776336e-02 -1.5073184478e-04 
360000 +1.9452717007e-02 -1.4326828586e-03 +5.2746594881e-03 +7.6919640016e-03 
361000 +6.2504428119e-02 +8.6162292849e-03 -2.7321062958e-02 +9.3761379853e-03 
362000 -3.0439486869e-02 -7.9886327434e-05 -3.8030487521e-02 +3.5485532960e-03 
363000 -5.7269288987e-02 -8.6062448439e-03 -1.8319538956e-02 -5.1071320852e-03 
364000 +4.0198827231e-02 +1.5543158051e-03 +1.6060021044e-02 -9.6900452001e-03 
365000 +5.0174364258e-02 +8.3215046958e-03 +3.7586668683e-02 -6.5049794632e-03 
366000 -4.9001367155e-02 -3.0094260925e-03 +2.9012600381e-02 +1.8827352031e-03 
367000 -4.1781572017e-02 -7.8097807989e-03 -2.7628269669e-03 +8.7605673269e-03 
368000 +5.6101779893e-02 +4.3490370038e-03 -3.2341853914e-02 +8.6376830315e-03 
369000 +3.1884666854e-02 +7.0353031934e-03 -3.6025091982e-02 +1.5866297333e-03 
370000 -6.1693782147e-02 -5.5760874242e-03 -1.0865942270e-02 -6.7227166674e-03 
371000 -2.1358575445e-02 -6.0858145461e-03 +2.2977510936e-02 -9.6593549308e-03 
372000 +6.5276145536e-02 +6.6189196189e-03 +3.8445690557e-02 -4.8652623449e-03 
373000 +9.8381791810e-03 +4.9134401906e-03 +2.3126532073e-02 +3.8305572548e-03 
374000 -6.7027579916e-02 -7.4758485208e-03 -1.0703113086e-02 +9.4502604374e-03 
375000 +1.5692760824e-03 -3.6395416177e-03 -3.5964561574e-02 +7.5187293416e-03 
376000 +6.6642859050e-02 +8.0940913407e-03 -3.2448970378e-02 -4.3941410965e-04 
377000 -1.3327967160e-02 +2.2105210956e-03 -2.9482834321e-03 -8.0425144708e-03 
378000 -6.4385388871e-02 -8.4832132645e-03 +2.8911146257e-02 -9.2075975647e-03 
379000 +2.4275237407e-02 -7.6276715130e-04 +3.7636052007e-02 -3.0104199839e-03 
380000 +6.0052999824e-02 +8.5996632970e-03 +1.6237623751e-02 +5.6056486787e-03 
381000 -3.4855155977e-02 -7.5002860933e-04 -1.8162337846e-02 +9.7253707418e-03 
382000 -5.4091720652e-02 -8.4786452714e-03 -3.8030547324e-02 +6.0697515671e-03 
383000 +4.4052708426e-02 +2.2000741249e-03 -2.7463589705e-02 -2.4474270902e-03 
384000 +4.6306117946e-02 +8.0773466259e-03 +5.0872959506e-03 -9.0068303492e-03 
385000 -5.2187324016e-02 -3.6147324653e-03 +3.3564861429e-02 -8.3508150772e-03 
386000 -3.7378957180e-02 -7.4639061576e-03 +3.5190925852e-02 -1.0217472308e-03 
387000 +5.8537264007e-02 +4.8937645379e-03 +8.6461821866e-03 +7.1362836189e-03 
388000 +2.7058170757e-02 +6.5926415711e-03 -2.4815307322e-02 +9.5729991497e-03 
389000 -6.3273449267e-02 -6.0429487064e-03 -3.8414016342e-02 +4.3511727354e-03 
390000 -1.6246470432e-02 -5.5621063001e-03 -2.1282876704e-02 -4.3498036706e-03 
391000 +6.5997466386e-02 +6.9962924101e-03 +1.2895403167e-02 -9.5789669573e-03 
392000 +4.6230470409e-03 +4.3260065999e-03 +3.6738526956e-02 -7.1271247856e-03 
393000 -6.6812070977e-02 -7.7477059574e-03 +3.1183209704e-02 +1.0167956711e-03 
394000 +6.7776164296e-03 -3.0021275259e-03 +6.7940904609e-04 +8.3548144718e-03 
395000 +6.5551661148e-02 +8.2581670648e-03 -3.0381815034e-02 +9.0057901029e-03 
396000 -1.8310992589e-02 +1.5497458073e-03 -3.7104866611e-02 +2.4396286511e-03 
397000 -6.2403782905e-02 -8.5289012543e-03 -1.4144691725e-02 -6.0663145229e-03 
398000 +2.8943409418e-02 -9.0283821653e-05 +2.0138360471e-02 -9.7316109713e-03 
399000 +5.7274995361e-02 +8.5316254584e-03 +3.8309179013e-02 -5.5974022320e-03 
400000 -3.9010153116e-02 -1.4051876432e-03 +2.5797903450e-02 +3.0150206043e-03 
401000 -5.0591709083e-02 -8.2955537175e-03 -7.3443208832e-03 +9.2098454993e-03 
402000 +4.7611450554e-02 +2.8262706625e-03 -3.4619837573e-02 +8.0451247010e-03 
403000 +4.2182093466e-02 +7.7869994257e-03 -3.4181709020e-02 +4.2743887927e-04 
404000 -5.5021845175e-02 -4.1878979934e-03 -6.3728875970e-03 -7.5222021172e-03 
405000 -3.2790271424e-02 -7.0759345667e-03 +2.6525490264e-02 -9.4577442373e-03 
406000 +6.0565354175e-02 +5.4000960671e-03 +3.8206716849e-02 -3.8251657632e-03 
407000 +2.2094969600e-02 +6.1155392413e-03 +1.9297108915e-02 +4.8765040663e-03 
408000 -6.4459091125e-02 -6.4680386817e-03 -1.5061682800e-02 +9.6655277634e-03 
409000 -1.1117661052e-02 -5.0150736949e-03 -3.7364450017e-02 +6.7300715801e-03 
410000 +6.6270293924e-02 +7.3243134193e-03 -2.9768554792e-02 -1.5997662395e-03 
411000 -5.7962934577e-04 +3.7186594795e-03 +1.6622551115e-03 -8.6458758050e-03 
412000 -6.6215855911e-02 -7.9746508154e-03 +3.1764850894e-02 -8.7711412379e-03 
413000 +1.1847788023e-02 -2.3590360642e-03 +3.6449366568e-02 -1.8831442203e-03 
414000 +6.4053770916e-02 +8.3697154455e-03 +1.1959487949e-02 +6.5211766531e-03 
415000 -2.3135839204e-02 +8.8405767024e-04 -2.2103095552e-02 +9.6959868163e-03 
416000 -6.0095519849e-02 -8.5290698624e-03 -3.8482643240e-02 +5.1191950076e-03 
417000 +3.3366425597e-02 +5.7378114059e-04 -2.4065626731e-02 -3.5585676201e-03 
418000 +5.4189979434e-02 +8.4131778690e-03 +9.6167448464e-03 -9.3894239550e-03 
419000 -4.2888748926e-02 -2.0491987047e-03 +3.5595488590e-02 -7.6976294634e-03 
420000 -4.6837591148e-02 -8.0669782471e-03 +3.3100346610e-02 +1.4356863564e-04 
421000 +5.0864357461e-02 +3.4315612692e-03 +4.1076802029e-03 +7.8818121241e-03 
422000 +3.7872248779e-02 +7.4526283848e-03 -2.8170582110e-02 +9.3021247387e-03 
423000 -5.7494914173e-02 -4.7320380392e-03 -3.7894997658e-02 +3.2794813476e-03 
424000 -2.8032906180e-02 -6.6458564708e-03 -1.7308409292e-02 -5.3631298954e-03 
425000 +6.2249789663e-02 +5.8725883451e-03 +1.7145289183e-02 -9.7245278609e-03 
426000 +1.7069013159e-02 +5.6061807101e-03 +3.7863525892e-02 -6.2877953914e-03 
427000 -6.5232650199e-02 -6.8470890813e-03 +2.8277080956e-02 +2.1699583323e-03 
428000 -5.9321118686e-03 -4.4370362534e-03 -3.9278102321e-03 +8.8974363944e-03 
429000 +6.6171962176e-02 +7.6066931926e-03 -3.3005160269e-02 +8.5057634092e-03 
430000 -5.7205057005e-03 +3.0964270476e-03 -3.5645145039e-02 +1.2957467639e-03 
431000 -6.5203423333e-02 -8.1452550350e-03 -9.7648412131e-03 -6.9383089999e-03 
432000 +1.6827573365e-02 -1.7044946644e-03 +2.3928627472e-02 -9.6330580476e-03 
433000 +6.2182957115e-02 +8.4292394278e-03 +3.8480135942e-02 -4.6092116639e-03 
434000 -2.7774106133e-02 +2.2320004841e-04 +2.2212213706e-02 +4.1036384753e-03 
435000 -5.7430107690e-02 -8.4737531648e-03 -1.1821137794e-02 +9.5266116775e-03 
436000 +3.7538070009e-02 +1.2262046393e-03 -3.6400968717e-02 +7.3366607580e-03 
437000 +5.0783087380e-02 +8.2445153474e-03 -3.1846234362e-02 -7.3792750178e-04 
438000 -4.6472760482e-02 -2.6715260272e-03 -1.7888606502e-03 -8.2130584527e-03 
439000 -4.2847182469e-02 -7.7937904009e-03 +2.9692391125e-02 -9.1200306427e-03 
440000 +5.3738322847e-02 +4.0056266489e-03 +3.7418964490e-02 -2.7298274833e-03 
441000 +3.3352299667e-02 +7.0768055126e-03 +1.5189917328e-02 +5.8522476384e-03 
442000 -5.9605758574e-02 -5.2433903185e-03 -1.9202335526e-02 +9.7412853247e-03 
443000 -2.3190922686e-02 -6.1862215764e-03 -3.8227020319e-02 +5.8445601873e-03 
444000 +6.3501683012e-02 +6.3016943230e-03 -2.6660489987e-02 -2.7373686675e-03 
445000 +1.1982425053e-02 +5.0677735955e-03 +6.2488415605e-03 -9.1247405868e-03 
446000 -6.5625859198e-02 -7.1864971807e-03 +3.4159969977e-02 -8.2080706161e-03 
447000 -8.0152225487e-04 -3.8433822323e-03 +3.4738331111e-02 -7.2873723697e-04 
448000 +6.5665916933e-02 +7.8401578676e-03 +7.5096241059e-03 +7.3432054453e-03 
449000 -1.0770824160e-02 +2.4594986753e-03 -2.5725717027e-02 +9.5269619699e-03 
450000 -6.3830829271e-02 -8.2705138495e-03 -3.8379306943e-02 +4.0946282807e-03 
451000 +2.1648198650e-02 -1.0465289858e-03 -2.0321288408e-02 -4.6185950248e-03 
452000 +5.9979066453e-02 +8.4386140903e-03 +1.4007872247e-02 -9.6372875033e-03 
453000 -3.2192368937e-02 -4.3534652064e-04 +3.7113858165e-02 -6.9335490679e-03 
454000 -5.4448976128e-02 -8.3685077243e-03 +3.0531662405e-02 +1.3071282282e-03 
455000 +4.1472904952e-02 +1.8687647140e-03 -4.9032089317e-04 +8.5140892855e-03 
456000 +4.7136014619e-02 +8.0285635809e-03 -3.1121018737e-02 +8.8977801635e-03 
457000 -4.9734738083e-02 -3.2718818780e-03 -3.6830681335e-02 +2.1604713932e-03 
458000 -3.8612435497e-02 -7.4713922410e-03 -1.3082916888e-02 -6.2995926570e-03 
459000 +5.6303983081e-02 +4.5539950907e-03 +2.1149232646e-02 -9.7303576748e-03 
460000 +2.8693259413e-02 +6.6624343097e-03 +3.8444625487e-02 -5.3583382113e-03 
461000 -6.1323974446e-02 -5.7141377251e-03 +2.4964032782e-02 +3.2920372240e-03 
462000 -1.8218313369e-02 -5.6877695864e-03 -8.4807139341e-03 +9.3123536227e-03 
463000 +6.4379562796e-02 +6.6896568821e-03 -3.5154686243e-02 +7.8835057608e-03 
464000 +6.8724875917e-03 +4.5057797950e-03 -3.3673706151e-02 +1.3351308284e-04 
465000 -6.5602444979e-02 -7.4737273620e-03 -5.2442978928e-03 -7.7106442856e-03 
466000 +4.3017439613e-03 -3.2304957355e-03 +2.7377037216e-02 -9.3961932989e-03 
467000 +6.4753739895e-02 +8.0226326478e-03 +3.8098638617e-02 -3.5547439578e-03 
468000 -1.5714803573e-02 +1.8169312462e-03 +1.8308129902e-02 +5.1329825467e-03 
469000 -6.2080772916e-02 -8.3426404707e-03 -1.6128322181e-02 +9.7065220981e-03 
470000 +2.6269917645e-02 -3.9215142039e-04 -3.7660902601e-02 +6.5228184333e-03 
471000 +5.7402037324e-02 +8.3956449543e-03 -2.9053595895e-02 -1.8927905368e-03 
472000 -3.6380701053e-02 -1.0832746099e-03 +2.8198829937e-03 -8.7855751653e-03 
473000 -5.1188751553e-02 -8.2176975387e-03 +3.2432811182e-02 -8.6513230931e-03 
474000 +4.5074019418e-02 +2.4885563381e-03 +3.6095188122e-02 -1.5951892582e-03 
475000 +4.3218277592e-02 +7.7660848858e-03 +1.0864725249e-02 +6.7440514732e-03 
476000 -5.2675426748e-02 -3.8491070619e-03 -2.3066001849e-02 +9.6767576309e-03 
477000 -3.4225702537e-02 -7.1139290318e-03 -3.8540452056e-02 +4.8751141989e-03 
478000 +5.8472891348e-02 +5.0669118662e-03 -2.3170608409e-02 -3.8358719976e-03 
479000 +2.3907576689e-02 +6.2115589185e-03 +1.0745699761e-02 -9.4726759380e-03 
480000 -6.2672815930e-02 -6.1513188991e-03 +3.6063192920e-02 -7.5267728532e-03 
481000 -1.3213928151e-02 -5.1640110130e-03 +3.2528167470e-02 +4.3616206956e-04 
482000 +6.4866104224e-02 +7.0344463175e-03 +2.9525157519e-03 +8.0601102045e-03 
483000 +1.7847892787e-03 +3.9204099535e-03 -2.8979164879e-02 +9.2212323017e-03 
484000 -6.5197956446e-02 -7.7170407853e-03 -3.7723452457e-02 +3.0109475610e-03 
485000 +9.3362745992e-03 -2.6024863708e-03 -1.6284658685e-02 -5.6123992459e-03 
486000 +6.3494313951e-02 +8.1571602091e-03 +1.8197828054e-02 -9.7471643157e-03 
487000 -2.0503513595e-02 +1.1680301072e-03 +3.8099806103e-02 -6.0699987504e-03 
488000 -5.9967822603e-02 -8.3623201565e-03 +2.7523087002e-02 +2.4522246108e-03 
489000 +3.0728275137e-02 +2.6333693324e-04 -5.0821072521e-03 +9.0242892800e-03 
490000 +5.4536981085e-02 +8.3036981919e-03 -3.3625156465e-02 +8.3660870032e-03 
491000 -4.0300662972e-02 -1.7172023641e-03 -3.5238224820e-02 +1.0105077392e-03 
492000 -4.7622790668e-02 -8.0129504238e-03 -8.6678973819e-03 -7.1459378720e-03 
493000 +4.8408508102e-02 +3.0910944475e-03 +2.4850742279e-02 -9.5966822429e-03 
494000 +3.9087996341e-02 +7.4598836843e-03 +3.8474766332e-02 -4.3523132131e-03 
495000 -5.5260284126e-02 -4.3930312789e-03 +2.1293280275e-02 +4.3668281758e-03 
496000 -2.9644485531e-02 -6.7119942922e-03 -1.2913839488e-02 +9.5939380512e-03 
497000 +6.0275793670e-02 +5.5441590952e-03 -3.6801032219e-02 +7.1482060898e-03 
498000 +1.9013999565e-02 +5.7290309318e-03 -3.1220070017e-02 -1.0303523386e-03 
499000 -6.3621559267e-02 -6.5427526108e-03 -6.4901705826e-04 -8.3723252171e-03 
500000 -8.1754192591e-03 -4.6144487793e-03 +3.0434705687e-02 -9.0247862590e-03 
501000 +6.4929118333e-02 +7.3309678348e-03 +3.7171787693e-02 -2.4492370997e-03 
502000 -3.2783243810e-03 +3.3191758178e-03 +1.4142415919e-02 +6.0884425842e-03 
503000 -6.4408880499e-02 -7.9115711341e-03 -2.0203730891e-02 +9.7471998962e-03 
504000 +1.4232618985e-02 -1.9699524966e-03 -3.8382642011e-02 +5.6155809050e-03 
505000 +6.1828326315e-02 +8.2393570099e-03 -2.5845178974e-02 -3.0206839697e-03 
506000 -2.5131134598e-02 +5.1868836160e-04 +7.3872438396e-03 -9.2318553647e-03 
507000 -5.7540726595e-02 -8.3368391679e-03 +3.4707745885e-02 -8.0585636186e-03 
508000 +3.4913613684e-02 +9.0562216608e-04 +3.4255544262e-02 -4.3768388643e-04 
509000 +5.1355799237e-02 +8.1623596625e-03 +6.3842096489e-03 +7.5394310183e-03 
510000 -4.3947730322e-02 -2.3378572876e-03 -2.6598092060e-02 +9.4732508656e-03 
511000 -4.3840633787e-02 -7.7684704458e-03 -3.8300910448e-02 +3.8357695117e-03 
512000 +5.1399487462e-02 +3.6677572106e-03 -1.9349801274e-02 -4.8795518080e-03 
513000 +3.4773462937e-02 +7.1116231614e-03 +1.5088577520e-02 -9.6851389530e-03 
514000 -5.7497863693e-02 -4.9100895754e-03 +3.7448666663e-02 -6.7373511745e-03 
515000 -2.4945816173e-02 -6.2757736802e-03 +2.9851176284e-02 +1.5948714673e-03 
516000 +6.1718560873e-02 +5.9857072675e-03 -1.6462848914e-03 +8.6618039762e-03 
517000 +1.4074550889e-02 +5.2156908656e-03 -3.1817845605e-02 +8.7836608009e-03 
518000 -6.4183045768e-02 -6.8930707750e-03 -3.6526157332e-02 +1.8838803346e-03 
519000 -3.1159101475e-03 -4.0388550147e-03 -1.2013785572e-02 -6.5259205787e-03 
520000 +6.4641339985e-02 +7.5833653189e-03 +2.2127061700e-02 -9.7177556107e-03 
521000 -8.2580521497e-03 +2.7032597533e-03 +3.8540783517e-02 -5.1197554078e-03 
522000 -6.3226828583e-02 -8.0533351398e-03 +2.4119218337e-02 +3.5624463264e-03 
523000 +1.9039669809e-02 -1.3259917074e-03 -9.6023439621e-03 +9.4054073350e-03 
524000 +5.9834060211e-02 +8.2723525069e-03 -3.5648193284e-02 +7.7149175684e-03 
525000 -2.9556396516e-02 -1.2537582324e-04 -3.3142138441e-02 -1.5369751944e-04 
526000 -5.4762791619e-02 -8.2553024221e-03 -4.1275336183e-03 -7.8902231518e-03 
527000 +3.8879003866e-02 +1.5390383095e-03 +2.8197913232e-02 -9.3257549031e-03 
528000 +4.7894880403e-02 +7.9734021061e-03 +3.7954829118e-02 -3.2842602353e-03 
529000 -4.7290589206e-02 -2.9340721182e-03 +1.7318776445e-02 +5.3788975606e-03 
530000 -3.9811134608e-02 -7.4761102113e-03 -1.7163492285e-02 +9.7384617601e-03 
531000 +5.4044286502e-02 +4.2150992459e-03 -3.7922177202e-02 +6.3106594552e-03 
532000 +3.0271723039e-02 +6.7246928314e-03 -2.8320485901e-02 -2.1792431169e-03 
533000 -5.9366319436e-02 -5.3896551883e-03 +3.9544550426e-03 -8.9140056528e-03 
534000 -2.0153670504e-02 -5.8083973528e-03 +3.3058323768e-02 -8.5244853563e-03 
535000 +6.2738234178e-02 +6.3834693304e-03 +3.5714463570e-02 -1.3086199586e-03 
536000 +9.0808715898e-03 +4.6770730069e-03 +9.7752314444e-03 +6.9565957183e-03 
537000 -6.4364618073e-02 -7.2005279511e-03 -2.3989007057e-02 +9.6482797190e-03 
538000 +1.8732547788e-03 -3.4506541958e-03 -3.8556732677e-02 +4.6281891965e-03 
539000 +6.3933177392e-02 +7.7857172224e-03 -2.2268145339e-02 -4.1055707505e-03 
540000 -1.3146609696e-02 +2.0764097204e-03 +1.1848145136e-02 -9.5459070939e-03 
541000 -6.1704034075e-02 -8.1515105666e-03 +3.6485211265e-02 -7.3504378696e-03 
542000 +2.3647335723e-02 -6.8485111657e-04 +3.1927250045e-02 +7.2602013735e-04 
543000 +5.7494263959e-02 +8.2554107128e-03 +1.8130163101e-03 +8.2273028291e-03 
544000 -3.3763388091e-02 -7.6584279974e-04 -2.9749164393e-02 +9.1341130718e-03 
545000 -5.1710724410e-02 -8.1303847308e-03 -3.7512659167e-02 +2.7414909037e-03 
546000 +4.2567998056e-02 +2.1573250946e-03 -1.5253249026e-02 -5.8535466125e-03 
547000 +4.4201037565e-02 +7.7387973201e-03 +1.9215658918e-02 -9.7595055683e-03 
548000 -5.0319871096e-02 -3.5106271633e-03 +3.8298231408e-02 -5.8514645438e-03 
549000 -3.5584299901e-02 -7.1416918866e-03 +2.6746341979e-02 +2.7308863787e-03 
550000 +5.6371798691e-02 +4.7354433372e-03 -6.2211146111e-03 +9.1398895280e-03 
551000 +2.5657148996e-02 +6.3008158255e-03 -3.4202210439e-02 +8.2209300753e-03 
552000 -6.0857506607e-02 -5.8323715995e-03 -3.4806367165e-02 +7.2975362257e-04 
553000 -1.5256179625e-02 -5.3054767377e-03 -7.5699396618e-03 -7.3463289141e-03 
554000 +6.3412996206e-02 +6.7421938352e-03 +2.5740172148e-02 -9.5497448816e-03 
555000 +4.0935079825e-03 +4.1158442748e-03 +3.8431955403e-02 -4.0967309095e-03 
556000 -6.4141634415e-02 -7.4572389938e-03 +2.0370279870e-02 +4.6219084116e-03 
557000 +6.8447510379e-03 -2.8418566185e-03 -1.3986894101e-02 +9.6523367867e-03 
558000 +6.2865570110e-02 +7.9400176885e-03 -3.7162469957e-02 +6.9537908550e-03 
559000 -1.7908151683e-02 +1.4456344820e-03 -3.0573844415e-02 -1.3153515067e-03 
560000 -5.9802305792e-02 -8.1941586679e-03 +4.7231464131e-04 -8.5219754093e-03 
561000 +2.8085908351e-02 -4.4513097789e-05 +3.1144032581e-02 -8.9218042856e-03 
562000 +5.4817447242e-02 +8.1884279930e-03 +3.6893613319e-02 -2.1695060523e-03 
563000 -3.7729139795e-02 -1.3918382816e-03 +1.3098359096e-02 +6.3138225662e-03 
564000 -4.8369613179e-02 -7.9563469027e-03 -2.1168710422e-02 +9.7441309651e-03 
565000 +4.5943202876e-02 +2.7534462867e-03 -3.8503610592e-02 +5.3831003404e-03 
566000 +4.0250354603e-02 +7.4599735124e-03 -2.5017428646e-02 -3.2968809207e-03 
567000 -5.3022524331e-02 -4.0592280443e-03 +8.4999936575e-03 -9.3281355060e-03 
568000 -3.1207266742e-02 -6.7719271460e-03 +3.5210798747e-02 -7.9027160962e-03 
569000 +5.8295477754e-02 +5.2182468676e-03 +3.3748980778e-02 -1.4928297216e-04 
570000 +2.0916313980e-02 +5.8435742133e-03 +5.2693240640e-03 +7.7253682652e-03 
571000 -6.1983980795e-02 -6.2392830650e-03 -2.7430452948e-02 +9.4114238062e-03 
572000 -1.0356043252e-02 -4.7820343815e-03 -3.8181401802e-02 +3.5749343082e-03 
573000 +6.3673474080e-02 +7.0554103840e-03 -1.8374655585e-02 -5.1320623148e-03 
574000 -8.7126602493e-04 +3.5342123024e-03 +1.6139368276e-02 -9.7236953327e-03 
575000 -6.3560871057e-02 -7.6729618069e-03 +3.7740725440e-02 -6.5372634520e-03 
576000 +1.1699757364e-02 -2.2250847664e-03 +2.9144194966e-02 +1.8792704306e-03 
577000 +6.1438807525e-02 +8.0460892647e-03 -2.7832257761e-03 +8.7981232980e-03 
578000 -2.2511389792e-02 +8.0924411002e-04 -3.2475499457e-02 +8.6646538710e-03 
579000 -5.7578109920e-02 -8.1910258282e-03 -3.6188024135e-02 +1.6079755276e-03 
580000 +3.2324680462e-02 +5.9203055548e-04 -1.0939645011e-02 -6.7440786647e-03 
581000 +5.1867974684e-02 +8.0741104934e-03 +2.3068464992e-02 -9.6950825947e-03 
582000 -4.1426773240e-02 -2.0058054235e-03 +3.8601524856e-02 -4.8821345866e-03 
583000 -4.4761489189e-02 -7.7341659275e-03 +2.3258816646e-02 +3.8280922339e-03 
584000 +4.9052253197e-02 +3.3319420023e-03 -1.0707106804e-02 +9.4877848961e-03 
585000 +3.6122247291e-02 +7.1393797883e-03 -3.6099301189e-02 +7.5414205360e-03 
586000 -5.5374491748e-02 -4.5767350826e-03 -3.2590465861e-02 -4.3475639691e-04 
587000 -2.6649815711e-02 -6.3590074665e-03 -3.0168073388e-03 -8.0621786403e-03 
588000 +5.9888649318e-02 +5.6680164217e-03 +2.8986653304e-02 -9.2457947543e-03 
589000 +1.6102330765e-02 +5.3563800715e-03 +3.7776229758e-02 -3.0157506477e-03 
590000 -6.2712854120e-02 -6.5997861409e-03 +1.6331259096e-02 +5.6154859034e-03 
591000 -5.4065791679e-03 -4.2303210868e-03 -1.8173635605e-02 +9.7619120619e-03 
592000 +6.3554233302e-02 +7.3230452987e-03 -3.8147815791e-02 +6.0937484998e-03 
593000 -5.7897807769e-03 +2.9393462079e-03 -2.7571186398e-02 -2.4578367785e-03 
594000 -6.2589607700e-02 -7.8361832972e-03 +5.0651672453e-03 -9.0323379027e-03 
595000 +1.6440227307e-02 -1.6015255164e-03 +3.3648123085e-02 -8.3909469051e-03 
596000 +5.9631195886e-02 +8.1013833362e-03 +3.5307676626e-02 -1.0239658158e-03 
597000 -2.6943663952e-02 +1.7679514651e-04 +8.6928977863e-03 +7.1584070143e-03 
598000 -5.5033964793e-02 -8.1394946716e-03 -2.4872218982e-02 +9.6111033953e-03 
599000 +3.6294831595e-02 +1.2143030094e-03 -3.8538406473e-02 +4.3790081835e-03 
600000 +4.8605510575e-02 +7.9118672446e-03 -2.1358989330e-02 -4.3675183111e-03 
601000 -4.4848820926e-02 -2.6020625951e-03 +1.2922843654e-02 -9.6090742515e-03 
602000 -4.0949923331e-02 -7.4735291068e-03 +3.6861841343e-02 -7.1685653853e-03 
603000 +5.1795284310e-02 +3.8808055610e-03 +3.1304645284e-02 +1.0121656320e-03 
604000 +3.1805558178e-02 +6.7790713975e-03 +6.8917476701e-04 +8.3841709882e-03 
605000 -5.7386517626e-02 -5.0662212868e-03 -3.0479779029e-02 +9.0403037527e-03 
606000 -2.2014406062e-02 -5.9180265553e-03 -3.7262627519e-02 +2.4709457991e-03 
607000 +6.1092425342e-02 +6.0788816213e-03 -1.4221025938e-02 -6.0856376717e-03 
608000 +1.1245377757e-02 +4.8406664623e-03 +2.0200366859e-02 -9.7631588721e-03 
609000 -6.3077848789e-02 -6.9228503923e-03 +3.8457629765e-02 -5.6308520279e-03 
610000 -4.8594630264e-04 -3.6599297625e-03 +2.5946503290e-02 +3.0056717270e-03 
611000 +6.3076700051e-02 +7.5461875406e-03 -7.3389042766e-03 +9.2440160729e-03 
612000 -1.0614538717e-02 +2.3303029761e-03 -3.4739596284e-02 +8.0720292840e-03 
613000 -6.1260298857e-02 -7.9527180245e-03 -3.4347194531e-02 +4.5144502735e-04 
614000 +2.1062250579e-02 -9.7047347470e-04 -6.4704177556e-03 -7.5386503872e-03 
615000 +5.7519905962e-02 +8.1093911342e-03 +2.6592715708e-02 -9.4931045935e-03 
616000 -3.1164554353e-02 -4.5160477073e-04 +3.8355978237e-02 -3.8435263290e-03 
617000 -5.2166987000e-02 -8.0358305248e-03 +1.9439273732e-02 +4.8709707427e-03 
618000 +4.0055103237e-02 +1.8284474882e-03 -1.5041039479e-02 +9.7008163809e-03 
619000 +4.5105082440e-02 +7.7043411110e-03 -3.7483221845e-02 +6.7550782385e-03 
620000 -4.7962572952e-02 -3.1743892650e-03 -2.9911742948e-02 -1.5928867171e-03 
621000 -3.6894932115e-02 -7.1643869732e-03 +1.5803882135e-03 -8.6635423705e-03 
622000 +5.4230245275e-02 +4.4032590308e-03 +3.1821525097e-02 -8.8105114326e-03 
623000 +2.7337387604e-02 +6.3822819974e-03 +3.6584207807e-02 -1.8923337721e-03 
624000 -5.9025138284e-02 -5.5157586746e-03 +1.2060980445e-02 +6.5290442241e-03 
625000 -1.7268634059e-02 -5.4427908738e-03 -2.2103284275e-02 +9.7329219783e-03 
626000 +6.1909002143e-02 +6.4479374761e-03 -3.8591749018e-02 +5.1472070836e-03 
627000 +6.3529855608e-03 +4.3027556391e-03 -2.4177889757e-02 -3.5649504070e-03 
628000 -6.3055905953e-02 -7.1986233880e-03 +9.5849895573e-03 -9.4142031624e-03 
629000 +4.3780207656e-03 -3.0757153307e-03 +3.5675438469e-02 -7.7410702919e-03 
630000 +6.2190965526e-02 +7.7196887613e-03 +3.3221031727e-02 +1.3606416138e-04 
631000 -1.5341768876e-02 +1.7146990357e-03 +4.1654479725e-03 +7.9008661211e-03 
632000 -5.9590381076e-02 -8.0232480738e-03 -2.8221337614e-02 +9.3414881804e-03 
633000 +2.5472991447e-02 -3.4515991719e-04 -3.8027221956e-02 +3.3128917795e-03 
634000 +5.5055730810e-02 +8.0678878084e-03 -1.7398159449e-02 -5.3761333352e-03 
635000 -3.5166762122e-02 -1.0726877755e-03 +1.7160493245e-02 -9.7531654333e-03 
636000 -4.9048121360e-02 -7.8916194959e-03 +3.7988468912e-02 -6.3326536772e-03 
637000 +4.3504076428e-02 +2.4223012043e-03 +2.8417242379e-02 +2.1591514527e-03 
638000 +4.1365302063e-02 +7.4527539612e-03 -3.8999041021e-03 +8.9240122010e-03 
639000 -5.0770130136e-02 -3.7268685470e-03 -3.3094720186e-02 +8.5405439668e-03 
640000 -3.2687870984e-02 -6.8203004442e-03 -3.5814118978e-02 +1.3319804921e-03 
641000 +5.6317064130e-02 +4.8951298986e-03 -9.8668520536e-03 -6.9528567651e-03 
642000 +2.2764767385e-02 +5.9504021391e-03 +2.3974064403e-02 -9.6641980977e-03 
643000 -6.0306124369e-02 -5.9323292593e-03 +3.8627244527e-02 -4.6443424877e-03 
644000 -1.2464176646e-02 -4.9388250079e-03 +2.2380035674e-02 +4.0893113730e-03 
645000 +6.2380664846e-02 +6.7779119837e-03 -1.1789403823e-02 +9.5588846530e-03 
646000 +1.4861254595e-03 +3.7428727198e-03 -3.6510602445e-02 +7.3650993561e-03 
647000 -6.2655676390e-02 -7.4285187595e-03 -3.2017860818e-02 -7.1157579083e-04 
648000 +9.2050755575e-03 -2.4734004566e-03 -1.9089469475e-03 -8.2262117233e-03 
649000 +6.0979062421e-02 +7.8474707945e-03 +2.9739122722e-02 -9.1567145925e-03 
650000 -1.9924275413e-02 +1.0949274749e-03 +3.7566726034e-02 -2.7507115581e-03 
651000 -5.7558215067e-02 -8.0400351565e-03 +1.5343135089e-02 +5.8448024511e-03 
652000 +2.9732644134e-02 +2.8116517338e-04 -1.9162125515e-02 +9.7762750585e-03 
653000 +5.2299281396e-02 +7.9789157243e-03 -3.8335512322e-02 +5.8732737516e-03 
654000 -3.8916844498e-02 -1.6782043364e-03 -2.6809789091e-02 -2.7280528800e-03 
655000 -4.5636491449e-02 -7.6959936641e-03 +6.1558339503e-03 -9.1421270484e-03 
656000 +4.6675341126e-02 +2.9967626000e-03 +3.4205852601e-02 -8.2503738601e-03 
657000 +3.7400843031e-02 +7.1592491026e-03 +3.4874040120e-02 -7.4247816593e-04 
658000 -5.3243314020e-02 -4.2476235853e-03 +7.6211502637e-03 +7.3496586303e-03 
659000 -2.8316021786e-02 -6.4377121313e-03 -2.5720221845e-02 +9.5660986453e-03 
660000 +5.8023676226e-02 +5.3502667174e-03 -3.8489537091e-02 +4.1277847190e-03 
661000 +1.8078648043e-02 +5.4881970502e-03 -2.0442965082e-02 -4.6211222190e-03 
662000 -6.1216899756e-02 -6.3085694969e-03 +1.3967227845e-02 -9.6623260474e-03 
663000 -7.6557874561e-03 -4.4145837543e-03 +3.7197915917e-02 -6.9816936638e-03 
664000 +6.2435349729e-02 +7.0613769192e-03 +3.0664709155e-02 +1.2941242343e-03 
665000 -3.3559709451e-03 +3.1665285034e-03 -4.1959023163e-04 +8.5309768270e-03 
666000 -6.1903967499e-02 -7.6161540756e-03 -3.1168803991e-02 +8.9393250272e-03 
667000 +1.3888748810e-02 -1.8678196121e-03 -3.6978234004e-02 +2.2000606927e-03 
668000 +5.9392129371e-02 +7.9264189473e-03 -1.3192019163e-02 -6.3086186185e-03 
669000 -2.4348668247e-02 +4.7241749540e-04 +2.1153474724e-02 -9.7587698402e-03 
670000 -5.5232326895e-02 -8.0151850451e-03 +3.8575393548e-02 -5.4069941322e-03 
671000 +3.3749686584e-02 +8.9760895087e-04 +2.5128478059e-02 +3.2753850852e-03 
672000 +4.9265019708e-02 +7.8436452720e-03 -8.4327093325e-03 +9.3375930611e-03 
673000 -4.2403127839e-02 -2.2721794334e-03 -3.5239523003e-02 +7.9196257392e-03 
674000 -4.2003819937e-02 -7.4595368415e-03 -3.3857183667e-02 +1.7421225616e-04 
675000 +4.9552689607e-02 +3.5501997566e-03 -5.3741286314e-03 -7.7215607920e-03 
676000 +3.3275181776e-02 +6.8256960747e-03 +2.7407631972e-02 -9.4286400837e-03 
677000 -5.5378558152e-02 -4.7408080058e-03 +3.8248867882e-02 -3.5920050313e-03 
678000 -2.3802952665e-02 -6.0175611694e-03 +1.8495813904e-02 +5.1149675464e-03 
679000 +5.9408995917e-02 +5.7729777981e-03 -1.6072036088e-02 +9.7385047023e-03 
680000 +1.3347456642e-02 +4.9970710902e-03 -3.7764683353e-02 +6.5542669345e-03 
681000 -6.1746123185e-02 -6.6416050908e-03 -2.9234703716e-02 -1.8644937419e-03 
682000 -2.8066083478e-03 -3.8628792559e-03 +2.6802381773e-03 -8.7972967602e-03 
683000 +6.2149995762e-02 +7.3019814634e-03 +3.2464084630e-02 -8.6909254293e-03 
684000 -8.1276074197e-03 +2.5777350355e-03 +3.6246445044e-02 -1.6194244135e-03 
685000 -6.0768245597e-02 -7.7509392335e-03 +1.1029688676e-02 +6.7358664266e-03 
686000 +1.8480683544e-02 -1.2528255147e-03 -2.3012755160e-02 +9.7134359221e-03 
687000 +5.7467426346e-02 +7.9570895579e-03 -3.8645401557e-02 +4.9086508819e-03 
688000 -2.8587763917e-02 -1.4375573880e-04 -2.3329845184e-02 -3.8241076335e-03 
689000 -5.2578486527e-02 -7.9384478174e-03 +1.0644124702e-02 -9.4913749944e-03 
690000 +3.7527412254e-02 +1.5019179678e-03 +3.6107165075e-02 -7.5736276224e-03 
691000 +4.5942137769e-02 +7.6624206454e-03 +3.2671172503e-02 +4.1754969486e-04 
692000 -4.5605738430e-02 -2.8439357965e-03 +3.0754059671e-03 +8.0658139639e-03 
693000 -3.8158765865e-02 -7.1819924620e-03 -2.8973316369e-02 +9.2640867167e-03 
694000 +5.2072405006e-02 +4.0732691807e-03 -3.7844132681e-02 +3.0501024686e-03 
695000 +2.8965830351e-02 +6.4550000221e-03 -1.6420044277e-02 -5.6116116931e-03 
696000 -5.7171326102e-02 -5.2018760649e-03 +1.8149779707e-02 -9.7734100584e-03 
697000 -1.9223663763e-02 -5.5712845567e-03 +3.8194580983e-02 -6.1238129543e-03 
698000 +6.0388005944e-02 +6.1543211677e-03 +2.7676205903e-02 +2.4338195896e-03 
699000 +8.5721218717e-03 +4.4806869758e-03 -4.9973166859e-03 +9.0401937449e-03 
700000 -6.1922613406e-02 -6.9371712373e-03 -3.3673480786e-02 +8.4105380703e-03 
701000 +1.9750075090e-03 -3.2986854599e-03 -3.5407019674e-02 +1.0563918723e-03 
702000 +6.1485333991e-02 +7.4966699727e-03 -8.8008510896e-03 -7.1519658933e-03 
703000 -1.2803723799e-02 +1.9768693187e-03 +2.4846101252e-02 -9.6262585047e-03 
704000 -5.9305769009e-02 -7.8440362353e-03 +3.8615268065e-02 -4.4048362107e-03 
705000 +2.2908681248e-02 -6.3672053812e-04 +2.1485387885e-02 +4.3451043213e-03 
706000 +5.5238594912e-02 +7.9412803819e-03 -1.2845106202e-02 +9.6193879997e-03 
707000 -3.2613838978e-02 -7.5664603410e-04 -3.6885317464e-02 +7.1867542470e-03 
708000 -4.9643735434e-02 -7.8163568516e-03 -3.1420461421e-02 -9.8597836049e-04 
709000 +4.1074480614e-02 +2.0954284612e-03 -8.0638511974e-04 -8.3810517099e-03 
710000 +4.2406531673e-02 +7.4377757162e-03 +3.0453232226e-02 -9.0601863196e-03 
711000 -4.8504030921e-02 -3.3944358586e-03 +3.7329637671e-02 -2.4890191772e-03 
712000 -3.4099251988e-02 -6.8597902338e-03 +1.4349353691e-02 +6.0683009891e-03 
713000 +5.4302481797e-02 +4.5713583184e-03 -2.0126897097e-02 +9.7805898763e-03 
714000 +2.4540296269e-02 +6.0493560826e-03 -3.8485326563e-02 +5.6513050717e-03 
715000 -5.8596698090e-02 -5.6243121141e-03 -2.6038759716e-02 -2.9908926820e-03 
716000 -1.4532863389e-02 -5.0898737089e-03 +7.2322903012e-03 -9.2441308442e-03 
717000 +6.1022174188e-02 +6.4967536254e-03 +3.4730263841e-02 -8.1025573718e-03 
718000 +3.7886199977e-03 +3.9437564358e-03 +3.4415129212e-02 -4.6581804731e-04 
719000 -6.1710898891e-02 -7.1832252751e-03 +6.5611260930e-03 +7.5316355067e-03 
720000 +6.7235022898e-03 -2.7176702583e-03 -2.6539203697e-02 +9.5135418185e-03 
721000 +6.0448984293e-02 +7.6437308342e-03 -3.8409923356e-02 +3.8749624638e-03 
722000 -1.7368111113e-02 +1.3726885381e-03 -1.9522120946e-02 -4.8655837907e-03 
723000 -5.7493876542e-02 -7.8870393518e-03 +1.4981283068e-02 -9.7065504450e-03 
724000 +2.7143848406e-02 -2.5350327231e-05 +3.7499791684e-02 -6.7901467017e-03 
725000 +5.2670261640e-02 +7.8771819863e-03 +3.0007969899e-02 +1.5714219624e-03 
726000 -3.6415092308e-02 -1.3575425759e-03 -1.5116084097e-03 +8.6675764984e-03 
727000 -4.6455931697e-02 -7.6520961941e-03 -3.1816711224e-02 +8.8313960466e-03 
728000 +4.4302289901e-02 +2.6661683323e-03 -3.6666007533e-02 +1.9295641302e-03 
729000 +3.8628383399e-02 +7.1708874534e-03 -1.2166640893e-02 -6.5226855720e-03 
730000 -5.1096560980e-02 -3.9217812963e-03 +2.2073875341e-02 -9.7461603385e-03 
731000 -2.9911186357e-02 -6.5062574568e-03 +3.8651889604e-02 -5.1797355274e-03 
732000 +5.6155836239e-02 +5.0351110022e-03 +2.4298846859e-02 +3.5390556827e-03 
733000 +2.0007909080e-02 +5.6111480029e-03 -9.5031872666e-03 +9.4217336724e-03 
734000 -5.9677866014e-02 -6.0148600832e-03 -3.5700924040e-02 +7.7628596980e-03 
735000 -9.8294478986e-03 -4.5868747084e-03 -3.3336374250e-02 -1.0190167287e-04 
736000 +6.1289455939e-02 +6.7982385984e-03 -4.2872090203e-03 -7.8944443663e-03 
737000 -9.6281098047e-04 +3.3864093832e-03 +2.8187151046e-02 -9.3579697895e-03 
738000 -6.1150517295e-02 -7.3886666316e-03 +3.8108772418e-02 -3.3404905646e-03 
739000 +1.1392077249e-02 -2.1245404640e-03 +1.7539716652e-02 +5.3533000492e-03 
740000 +5.9093508151e-02 +7.7459987511e-03 -1.7074979053e-02 +9.7657109298e-03 
741000 -2.1778160018e-02 +7.6370358112e-04 -3.8010390817e-02 +6.3526939870e-03 
742000 -5.5353867960e-02 -7.8818795804e-03 -2.8539513042e-02 -2.1322169522e-03 
743000 +3.1216616710e-02 +5.8551482560e-04 +3.7721531936e-03 -8.9222441557e-03 
744000 +4.9843528764e-02 +7.7677908243e-03 +3.3068708149e-02 -8.5643462392e-03 
745000 -3.9959144275e-02 -1.9443634823e-03 +3.5884281657e-02 -1.3512318041e-03 
746000 -4.2993125547e-02 -7.4382315101e-03 +9.9998973240e-03 +6.9360326434e-03 
747000 +4.7278274662e-02 +3.2197366214e-03 -2.3897640344e-02 +9.6848256271e-03 
748000 +3.4664942710e-02 +6.8640455768e-03 -3.8663568311e-02 +4.6691784346e-03 
749000 -5.3352423036e-02 -4.4168621881e-03 -2.2476695725e-02 -4.0747838579e-03 
750000 -2.5550008193e-02 -6.1119042829e-03 +1.1682912759e-02 -9.5607114557e-03 
751000 +5.7669377587e-02 +5.4648383929e-03 +3.6507034994e-02 -7.4001478950e-03 
752000 +1.5388310790e-02 +5.1448045273e-03 +3.2099797356e-02 +6.9377091530e-04 
753000 -6.0382954713e-02 -6.3614453984e-03 +2.0015364452e-03 +8.2209628974e-03 
754000 -5.1020300178e-03 -4.0607715616e-03 -2.9692314534e-02 +9.1797567313e-03 
755000 +6.1165323388e-02 +7.0542995409e-03 -3.7633888423e-02 +2.7868901361e-03 
756000 -5.6785114076e-03 +2.8161876195e-03 -1.5441088563e-02 -5.8379143060e-03 
757000 -6.0231950826e-02 -7.5477693875e-03 +1.9105765359e-02 -9.7848096869e-03 
758000 +1.5922135202e-02 -1.5286720743e-03 +3.8365129909e-02 -5.9112687831e-03 
759000 +5.7363772806e-02 +7.7995926946e-03 +2.6923215345e-02 +2.7029565139e-03 
760000 -2.6026928619e-02 +1.5634902190e-04 -6.0751296535e-03 +9.1467316460e-03 
761000 -5.2927291820e-02 -7.8347778892e-03 -3.4210551484e-02 +8.2743384613e-03 
762000 +3.5023408049e-02 +1.1822959236e-03 -3.4972907287e-02 +7.8212056820e-04 
763000 +4.6729150820e-02 +7.6130653330e-03 -7.7433333867e-03 -7.3417795874e-03 
764000 -4.3241439943e-02 -2.5172760978e-03 +2.5684857986e-02 -9.5812985093e-03 
765000 -3.9341678356e-02 -7.1885700753e-03 +3.8563984039e-02 -4.1629075952e-03 
766000 +4.9924133363e-02 +3.7476188361e-03 +2.0581088308e-02 +4.5942752745e-03 
767000 +3.0539589023e-02 +6.5190704841e-03 -1.3873884273e-02 +9.6706333866e-03 
768000 -5.5282813472e-02 -4.8862377379e-03 -3.7223803779e-02 +7.0057209869e-03 
769000 -2.1095873172e-02 -5.6874078235e-03 -3.0796053214e-02 -1.2584956144e-03 
770000 +5.8842944778e-02 +5.8602974262e-03 +2.8502613698e-04 -8.5257687840e-03 
771000 +1.0737365727e-02 +4.6508487641e-03 +3.1130507250e-02 -8.9581369176e-03 
772000 -6.0730696637e-02 -6.6697305713e-03 +3.7064536061e-02 -2.2291329307e-03 
773000 -3.7000925400e-04 -3.5121459133e-03 +1.3347262723e-02 +6.2859208311e-03 
774000 +6.0717223514e-02 +7.2688396563e-03 -2.1063141879e-02 +9.7747653575e-03 
775000 -1.0305498037e-02 +2.2333451945e-03 -3.8600380134e-02 +5.4295804066e-03 
776000 -5.8953486587e-02 -7.6578963095e-03 -2.5256263678e-02 -3.2483525523e-03 
777000 +2.0359338127e-02 -9.2351746623e-04 +8.2973799291e-03 -9.3377851859e-03 
778000 +5.5336727326e-02 +7.8074157018e-03 +3.5218190450e-02 -7.9483571439e-03 
779000 -3.0077608845e-02 -4.4484714424e-04 +3.3934781945e-02 -1.9490363512e-04 
780000 -5.0180110526e-02 -7.7355366500e-03 +5.5095489376e-03 +7.7061098623e-03 
781000 +3.8620969017e-02 +1.7697190124e-03 -2.7332165629e-02 +9.4528674010e-03 
782000 +4.3365430083e-02 +7.4145401134e-03 -3.8298124149e-02 +3.6218613677e-03 
783000 -4.6232296283e-02 -3.0658327190e-03 -1.8600026410e-02 -5.1008532360e-03 
784000 -3.5465787553e-02 -6.8945115171e-03 +1.5969263607e-02 -9.7428669138e-03 
785000 +5.2245949654e-02 +4.2471925921e-03 +3.7770806664e-02 -6.5938310694e-03 
786000 +2.6251873676e-02 +6.1392562820e-03 +2.9334123999e-02 +1.8430462657e-03 
787000 -5.6863417341e-02 -5.3190277683e-03 -2.5841054196e-03 +8.7942537235e-03 
788000 -1.6562574236e-02 -5.2346768858e-03 -3.2428160416e-02 +8.7170941842e-03 
789000 +5.9621654107e-02 +6.2141673178e-03 -3.6329717678e-02 +1.6598461367e-03 
790000 +6.0479774349e-03 +4.1350854706e-03 -1.1144748213e-02 -6.7276255649e-03 
791000 -6.0722884832e-02 -6.9370081819e-03 +2.2959415697e-02 -9.7252506948e-03 
792000 +4.2847756743e-03 -2.9533100602e-03 +3.8691856907e-02 -4.9496113137e-03 
793000 +5.9878201413e-02 +7.4364229944e-03 +2.3461492042e-02 +3.7963261298e-03 
794000 -1.4836372531e-02 +1.6421754143e-03 -1.0551125613e-02 +9.4968842560e-03 
795000 -5.7362644755e-02 -7.7274321787e-03 -3.6121614215e-02 +7.6009470591e-03 
796000 +2.4596670572e-02 -3.2291571121e-04 -3.2789546006e-02 -3.7597354954e-04 
797000 +5.2991883882e-02 +7.7689654472e-03 -3.2128800048e-03 -8.0576476115e-03 
798000 -3.3916561824e-02 -1.0412802665e-03 +2.8932863832e-02 -9.2815372830e-03 
799000 -4.7189254558e-02 -7.5969240849e-03 +3.7932836493e-02 -3.0877348699e-03 
800000 +4.1948899788e-02 +2.3413139922e-03 +1.6575789368e-02 +5.5846896141e-03 
801000 +3.9793053154e-02 +7.1741489275e-03 -1.8048195557e-02 +9.7837858076e-03 
802000 -4.8927084828e-02 -3.5953414593e-03 -3.8222180795e-02 +6.1501078688e-03 
803000 -3.1420886842e-02 -6.5627611715e-03 -2.7822419684e-02 -2.3971706107e-03 
804000 +5.4266304003e-02 +4.7204345827e-03 +4.8515734439e-03 -9.0372511623e-03 
805000 +2.1870277536e-02 +5.7258547582e-03 +3.3635754676e-02 -8.4327930157e-03 
806000 -5.8092774155e-02 -5.7171647142e-03 +3.5498905299e-02 -1.0865868001e-03 
807000 -1.1944211900e-02 -4.7501967099e-03 +8.9671749884e-03 +7.1300539614e-03 
808000 +6.0080533749e-02 +6.5310429606e-03 -2.4754179557e-02 +9.6466744521e-03 
809000 +1.3763845807e-03 +3.5992633705e-03 -3.8648394190e-02 +4.4307164098e-03 
810000 -6.0340468238e-02 -7.1566627315e-03 -2.1618314531e-02 -4.3186798627e-03 
811000 +8.9144525924e-03 -2.3763854794e-03 +1.2706106891e-02 -9.6221401217e-03 
812000 +5.8711024674e-02 +7.5590588444e-03 +3.6872598439e-02 -7.2210887774e-03 
813000 -1.9237696957e-02 +1.0487370463e-03 +3.1509974290e-02 +9.6354642532e-04 
814000 -5.5421530048e-02 -7.7447887870e-03 +9.4232788832e-04 +8.3678628399e-03 
815000 +2.8671266578e-02 +2.7587984147e-04 -3.0383232438e-02 +9.0883024128e-03 
816000 +5.0342094888e-02 +7.6842046659e-03 -3.7395404895e-02 +2.5241526145e-03 
817000 -3.7520745280e-02 -1.6224175355e-03 -1.4464303257e-02 -6.0546968119e-03 
818000 -4.3933214001e-02 -7.4124111402e-03 +2.0030881500e-02 -9.7882964505e-03 
819000 +4.4980092369e-02 +2.8910795945e-03 +3.8505228057e-02 -5.6951865580e-03 
820000 +3.5991310058e-02 +6.8934940266e-03 +2.6157981025e-02 +2.9659635752e-03 
821000 -5.1309869367e-02 -4.0969800629e-03 -7.1309227925e-03 +9.2436140027e-03 
822000 -2.7244071685e-02 -6.1987536748e-03 -3.4708675155e-02 +8.1323263962e-03 
823000 +5.5905854698e-02 +5.1575763664e-03 -3.4517152617e-02 +5.0975733960e-04 
824000 +1.7381672467e-02 +5.2828395748e-03 -6.6938576867e-03 -7.5225030913e-03 
825000 -5.8979352207e-02 -6.0807851572e-03 +2.6488334712e-02 -9.5289368608e-03 
826000 -7.3364622310e-03 -4.2481500312e-03 +3.8476084880e-02 -3.9188756606e-03 
827000 +6.0150572347e-02 +6.8047990548e-03 +1.9672467368e-02 +4.8362701655e-03 
828000 -3.2634426342e-03 +3.0460212560e-03 -1.4877114883e-02 +9.7135215475e-03 
829000 -5.9628495075e-02 -7.3380526339e-03 -3.7523812982e-02 +6.8208748299e-03 
830000 +1.3419998794e-02 -1.7939924329e-03 -3.0147250808e-02 -1.5284024164e-03 
831000 +5.7210855800e-02 +7.6366139225e-03 +1.3607157156e-03 -8.6605001797e-03 
832000 -2.3482430408e-02 +4.5130901163e-04 +3.1773410471e-02 -8.8515160860e-03 
833000 -5.3189856008e-02 -7.7202951915e-03 +3.6768256923e-02 -1.9693950028e-03 
834000 +3.2546651897e-02 +8.6938874149e-04 +1.2339469433e-02 +6.4964958022e-03 
835000 +4.7445318562e-02 +7.5556486996e-03 -2.1967887066e-02 +9.7599586204e-03 
836000 -4.0869171914e-02 -2.1915554851e-03 -3.8683653833e-02 +5.2083852780e-03 
837000 -4.0440668080e-02 -7.1841255127e-03 -2.4457980173e-02 -3.5020206798e-03 
838000 +4.7756768272e-02 +3.4231922424e-03 +9.3486397461e-03 -9.4219294218e-03 
839000 +3.2035096383e-02 +6.5745153898e-03 +3.5668725626e-02 -7.7896600065e-03 
840000 -5.3362947757e-02 -4.5689906402e-03 +3.3435575994e-02 +7.0912543881e-05 
841000 -2.2909683919e-02 -5.7954569578e-03 +4.4611898407e-03 +7.8740834760e-03 
842000 +5.7237746353e-02 +5.5631734447e-03 -2.8097197247e-02 +9.3834860967e-03 
843000 +1.2837075815e-02 +4.8128496731e-03 -3.8155066837e-02 +3.3703618447e-03 
844000 -5.9494067872e-02 -6.4003234858e-03 -1.7678148207e-02 -5.3281644537e-03 
845000 -2.6901483831e-03 -3.7205643669e-03 +1.6936859113e-02 -9.7716456603e-03 
846000 +5.9871310089e-02 +7.0356721603e-03 +3.8010015124e-02 -6.3929293692e-03 
847000 -7.8481983861e-03 +2.4818990502e-03 +2.8645094563e-02 +2.1077901889e-03 
848000 -5.8552343032e-02 -7.4696236886e-03 -3.6368327112e-03 +8.9121509085e-03 
849000 +1.7812697084e-02 -1.2062860959e-03 -3.3009011131e-02 +8.5965771521e-03 
850000 +5.5361973687e-02 +7.6668780826e-03 -3.5969403577e-02 +1.3914847885e-03 
851000 -2.7556812354e-02 -1.4054259143e-04 -1.0128295547e-02 -6.9230353210e-03 
852000 -5.0662598290e-02 -7.6503026005e-03 +2.3810608860e-02 -9.6965935635e-03 
853000 +3.6164504499e-02 +1.4482501621e-03 +3.8701298442e-02 -4.7170611274e-03 
854000 +4.4264074912e-02 +7.3830478964e-03 +2.2616880400e-02 +4.0469304991e-03 
855000 -4.3952045951e-02 -2.7423364002e-03 -1.1575068682e-02 +9.5629697558e-03 
856000 -3.6766551415e-02 -6.9205911519e-03 -3.6502237912e-02 +7.4338784713e-03 
857000 +5.0184260987e-02 +3.9262800135e-03 -3.2222865623e-02 -6.4716550245e-04 
858000 +2.7911899917e-02 +6.2196571628e-03 -2.1511186722e-03 -8.2117315897e-03 
859000 -5.5095160274e-02 -5.0137393205e-03 +2.9643638487e-02 -9.1988893521e-03 
860000 -1.8516380365e-02 -5.3675279035e-03 +3.7721451572e-02 -2.8336455418e-03 
861000 +5.8200889935e-02 +5.9314720409e-03 +1.5610105451e-02 +5.8083066531e-03 
862000 +8.2624778961e-03 +4.3175555589e-03 -1.8992964420e-02 +9.7940416957e-03 
863000 -5.9671901501e-02 -6.6848068973e-03 -3.8398555809e-02 +5.9452689377e-03 
864000 +1.9133512242e-03 -3.1774502965e-03 -2.7083557109e-02 -2.6590239907e-03 
865000 +5.9257808271e-02 +7.2246115823e-03 +5.9131617162e-03 -9.1421321194e-03 
866000 -1.2335868383e-02 +1.9056264917e-03 +3.4167906911e-02 -8.2977020180e-03 
867000 -5.7149928286e-02 -7.5581910958e-03 +3.5087749591e-02 -8.2363944193e-04 
868000 +2.2082113015e-02 -6.1323239576e-04 +7.9315595959e-03 +7.3170732456e-03 
869000 +5.3235984402e-02 +7.6530868435e-03 -2.5578545435e-02 +9.5997974481e-03 
870000 -3.1426366628e-02 -7.2776329509e-04 -3.8603397130e-02 +4.1940945840e-03 
871000 -4.7843555529e-02 -7.5323310309e-03 -2.0750798213e-02 -4.5576555554e-03 
872000 +3.9580164829e-02 +2.0183585869e-03 +1.3713756194e-02 -9.6746667964e-03 
873000 +4.0871166593e-02 +7.1686237316e-03 +3.7201978841e-02 -7.0380258172e-03 
874000 -4.6741756177e-02 -3.2698455158e-03 +3.0905118991e-02 +1.2269671291e-03 
875000 -3.2873223437e-02 -6.6122911018e-03 -1.0719954751e-04 +8.5078274571e-03 
876000 +5.2323725161e-02 +4.4039021886e-03 -3.1046465655e-02 +8.9891482066e-03 
877000 +2.3659203232e-02 +5.8316263096e-03 -3.7128535424e-02 +2.2635222311e-03 
878000 -5.6474800590e-02 -5.4199947659e-03 -1.3492260607e-02 -6.2626663202e-03 
879000 -1.4026370923e-02 -4.9081816287e-03 +2.0930674008e-02 -9.7845336637e-03 
880000 +5.8805069077e-02 +6.2601679661e-03 +3.8615926894e-02 -5.4756497707e-03 
881000 +3.6666311953e-03 +3.8029912050e-03 +2.5381275261e-02 +3.2218252496e-03 
882000 -5.9486291779e-02 -6.9239735501e-03 -8.1631075057e-03 +9.3314959478e-03 
883000 +6.4569340391e-03 -2.6224239696e-03 -3.5173584254e-02 +7.9848952622e-03 
884000 +5.8266658055e-02 +7.3669930405e-03 -3.4041447662e-02 +2.3972598829e-04 
885000 -1.6721443565e-02 +1.3250991148e-03 -5.6531731047e-03 -7.6939015551e-03 
886000 -5.5431359256e-02 -7.6033057574e-03 +2.7255480101e-02 -9.4692523398e-03 
887000 +2.6144764548e-02 -2.7024017916e-05 +3.8357397934e-02 -3.6733681719e-03 
888000 +5.0785205179e-02 +7.5933996402e-03 +1.8761315334e-02 +5.0709987038e-03 
889000 -3.5082856955e-02 -1.3064024037e-03 -1.5854592071e-02 +9.7481505840e-03 
890000 -4.4797473241e-02 -7.3770804822e-03 -3.7784184281e-02 +6.6317097710e-03 
891000 +4.2694615501e-02 +2.5679195917e-03 -2.9479995407e-02 -1.7946677744e-03 
892000 +3.7261883630e-02 +6.9138813046e-03 +2.4196824499e-03 -8.7860129081e-03 
893000 -4.9240980700e-02 -3.7777700435e-03 +3.2382095488e-02 -8.7400439424e-03 
894000 -2.8851692758e-02 -6.2728284894e-03 +3.6439128844e-02 -1.7091837942e-03 
895000 +5.4130542892e-02 +4.8517397602e-03 +1.1331838150e-02 +6.6989402712e-03 
896000 +1.9318450299e-02 +5.4118302788e-03 -2.2841670335e-02 +9.7377531107e-03 
897000 -5.7521401648e-02 -5.7952491551e-03 -3.8734948023e-02 +4.9866178896e-03 
898000 -9.4968380624e-03 -4.4237258398e-03 -2.3641746098e-02 -3.7520920748e-03 
899000 +5.9085964384e-02 +6.5517261688e-03 +1.0380825611e-02 -9.4960366000e-03 
900000 -8.9520244664e-04 +3.2688337232e-03 +3.6084096872e-02 -7.6282627221e-03 
901000 -5.8952487067e-02 -7.1205259191e-03 +3.2916214681e-02 +3.3341728907e-04 
902000 +1.0954274036e-02 -2.0519252862e-03 +3.4136462776e-03 +8.0351541385e-03 
903000 +5.6976272539e-02 +7.4665317360e-03 -2.8830362924e-02 +9.3058132676e-03 
904000 -2.0962684966e-02 +7.4160721383e-04 -3.7984108604e-02 +3.1217319569e-03 
905000 -5.3380636123e-02 -7.5984125699e-03 -1.6753786167e-02 -5.5493991126e-03 
906000 +3.0060294453e-02 +5.5907852663e-04 +1.7886562024e-02 -9.7922177359e-03 
907000 +4.8070881983e-02 +7.4896342140e-03 +3.8215190573e-02 -6.1886118861e-03 
908000 -3.8496115544e-02 -1.8692957662e-03 +2.7944427028e-02 +2.3652707536e-03 
909000 -4.1483220678e-02 -7.1738661622e-03 -4.6736400319e-03 +9.0226576754e-03 
910000 +4.5547932738e-02 +3.0984926966e-03 -3.3561961006e-02 +8.4694511531e-03 
911000 +3.3453539838e-02 +6.6207337105e-03 -3.5584331635e-02 +1.1257403730e-03 
912000 -5.1421456595e-02 -4.2545410510e-03 -9.1202543398e-03 -7.1091549796e-03 
913000 -2.4681599995e-02 -5.8977189032e-03 +2.4631905384e-02 -9.6609301836e-03 
914000 +5.5581874735e-02 +5.2644679149e-03 +3.8683329402e-02 -4.4822434372e-03 
915000 +1.4882601306e-02 +4.9650472054e-03 +2.1764987243e-02 +4.2901918848e-03 
916000 -5.8218186361e-02 -6.1314464677e-03 -1.2572783318e-02 +9.6201980113e-03 
917000 -4.9717128110e-03 -3.9213127982e-03 -3.6847404584e-02 +7.2620919144e-03 
918000 +5.8977330803e-02 +6.7993042737e-03 -3.1639821627e-02 -9.1502841147e-04 
919000 -5.4233210642e-03 +2.7210259691e-03 -1.1016912467e-03 -8.3567962593e-03 
920000 -5.8091289866e-02 -7.2770142072e-03 +3.0317540100e-02 -9.1096542738e-03 
921000 +1.5305936079e-02 -1.4799865060e-03 +3.7479254063e-02 -2.5788724324e-03 
922000 +5.5337268328e-02 +7.5204197403e-03 +1.4646007081e-02 +6.0240499603e-03 
923000 -2.5047176156e-02 +1.5714007638e-04 -1.9910236770e-02 +9.7969347081e-03 
924000 -5.1063154100e-02 -7.5551382604e-03 -3.8537215306e-02 +5.7371823366e-03 
925000 +3.3736475004e-02 +1.1342018216e-03 -2.6327629779e-02 -2.9166929459e-03 
926000 +4.5102330895e-02 +7.3430769440e-03 +6.9545729270e-03 -9.2376658354e-03 
927000 -4.1657348968e-02 -2.4204385078e-03 +3.4666641334e-02 -8.1591705916e-03 
928000 -3.7975338326e-02 -6.9338007155e-03 +3.4647728243e-02 -5.6122909446e-04 
929000 +4.8117706034e-02 +3.6080626309e-03 +6.8977221142e-03 +7.4958597609e-03 
930000 +2.9503479866e-02 +6.2908761777e-03 -2.6370120058e-02 +9.5458501699e-03 
931000 -5.3285022815e-02 -4.7052036835e-03 -3.8529844280e-02 +3.9585708852e-03 
932000 -2.0393241933e-02 -5.4889354777e-03 -1.9870310772e-02 -4.7924631091e-03 
933000 +5.6730957914e-02 +5.6461110697e-03 +1.4701644903e-02 -9.7175009588e-03 
934000 +1.0415235055e-02 +4.4920272400e-03 +3.7496441465e-02 -6.8529187277e-03 
935000 -5.8560404980e-02 -6.4271231516e-03 +3.0285504323e-02 +1.4855212762e-03 
936000 -4.1864389088e-04 -3.3943652638e-03 -1.1513015426e-03 +8.6409655908e-03 
937000 +5.8555308956e-02 +7.0065092164e-03 -3.1678837724e-02 +8.8823516132e-03 
938000 -9.8752145599e-03 +2.1625751439e-03 -3.6835884417e-02 +2.0065164190e-03 
939000 -5.6873985750e-02 -7.3838018447e-03 -1.2523888076e-02 -6.4634848617e-03 
940000 +1.9566264932e-02 -9.0014428661e-04 +2.1809542408e-02 -9.7732586632e-03 
941000 +5.3390489402e-02 +7.5292553539e-03 +3.8695436329e-02 -5.2534305467e-03 
942000 -2.8949066990e-02 -4.1999465798e-04 +2.4596108061e-02 +3.4698598612e-03 
943000 -4.8441942512e-02 -7.4630210593e-03 -9.1738682373e-03 +9.4116040408e-03 
944000 +3.7185741617e-02 +1.6970517503e-03 -3.5609807953e-02 +7.8319365917e-03 
945000 +4.1872979282e-02 +7.1541291609e-03 -3.3545170081e-02 -2.7108204904e-05 
946000 -4.4545360182e-02 -2.9490910106e-03 -4.6239249906e-03 -7.8559081099e-03 
947000 -3.4273601866e-02 -6.6554600278e-03 +2.7989022832e-02 -9.4028341454e-03 
948000 +5.0349823867e-02 +4.0882229641e-03 +3.8212711390e-02 -3.4267421763e-03 
949000 +2.5391046164e-02 +5.9274400410e-03 +1.7847417892e-02 +5.2981704256e-03 
950000 -5.4823261924e-02 -5.1243665118e-03 -1.6804212812e-02 +9.7744269879e-03 
951000 -1.6052030651e-02 -5.0567172878e-03 -3.8007707502e-02 +6.4384909925e-03 
952000 +5.7496815983e-02 +5.9882378414e-03 -2.8799275368e-02 -2.0566739761e-03 
953000 +5.9162613058e-03 +3.9968912707e-03 +3.4626276333e-03 -8.9028117076e-03 
954000 -5.8573051930e-02 -6.6871676702e-03 +3.2954561226e-02 -8.6230316092e-03 
955000 +4.0579273113e-03 -2.8574230640e-03 +3.6079850665e-02 -1.4489675059e-03 
956000 +5.7777760853e-02 +7.1704227815e-03 +1.0329074802e-02 +6.8929775840e-03 
957000 -1.4228800576e-02 +1.5942018855e-03 -2.3686178763e-02 +9.7090556214e-03 
958000 -5.5357907235e-02 -7.4520526358e-03 -3.8751678025e-02 +4.7629144342e-03 
959000 +2.3659465477e-02 -3.2105244095e-04 -2.2810250780e-02 -3.9976185450e-03 
960000 +5.1163199082e-02 +7.4947767349e-03 +1.1390315099e-02 -9.5607106926e-03 
961000 -3.2645201922e-02 -9.9317875528e-04 +3.6466780951e-02 -7.4647570934e-03 
962000 -4.5569279965e-02 -7.3295467281e-03 +3.2373083734e-02 +5.9420788276e-04 
963000 +4.0409931196e-02 +2.2484270899e-03 +2.3696029178e-03 +8.1881176252e-03 
964000 +3.8453121107e-02 +6.9250370110e-03 -2.9529825295e-02 +9.2213705292e-03 
965000 -4.7145485046e-02 -3.4573642046e-03 -3.7787764924e-02 +2.8757314362e-03 
966000 -3.0382688269e-02 -6.3364029436e-03 -1.5822336467e-02 -5.7657876675e-03 
967000 +5.2308653995e-02 +4.5441797239e-03 +1.8815976096e-02 -9.8036786804e-03 
968000 +2.1180716185e-02 +5.5319906776e-03 +3.8386439270e-02 -5.9827824019e-03 
969000 -5.6016844672e-02 -5.5068715599e-03 +2.7233853813e-02 +2.6165138180e-03 
970000 -1.1614755821e-02 -4.5924193363e-03 -5.6997322055e-03 +9.1263437155e-03 
971000 +5.7943415843e-02 +6.2935182825e-03 -3.4085368197e-02 +8.3355398105e-03 
972000 +1.4206256194e-03 +3.4835635000e-03 -3.5176027989e-02 +8.6415602262e-04 
973000 -5.8222303743e-02 -6.9001462107e-03 -8.1211778909e-03 -7.2872474972e-03 
974000 +8.4982873525e-03 -2.3054774420e-03 +2.5428731124e-02 -9.6183847721e-03 
975000 +5.6658422213e-02 +7.2896573378e-03 +3.8637346235e-02 -4.2456301532e-03 
976000 -1.8467592716e-02 +1.0242512150e-03 +2.0907842176e-02 +4.5253521545e-03 
977000 -5.3515734325e-02 -7.4727762013e-03 -1.3544689051e-02 +9.6694447208e-03 
978000 +2.7567390196e-02 +2.5261458456e-04 -3.7162639286e-02 +7.0857748132e-03 
979000 +4.8624872641e-02 +7.4154541579e-03 -3.1040622779e-02 -1.1790171964e-03 
980000 -3.6122073648e-02 -1.5533453398e-03 -6.6363609849e-05 -8.4926858838e-03 
981000 -4.2464111045e-02 -7.1566345352e-03 +3.0955386660e-02 -9.0140788432e-03 
982000 +4.3329095914e-02 +2.7772566290e-03 +3.7211935146e-02 -2.3240102637e-03 
983000 +3.4813655467e-02 +6.6573011175e-03 +1.3683777757e-02 +6.2319602514e-03 
984000 -4.9453645248e-02 -3.9425104534e-03 -2.0798691990e-02 +9.7922840629e-03 
985000 -2.6381274676e-02 -5.9890291734e-03 -3.8638865597e-02 +5.5257503622e-03 
986000 +5.3908589749e-02 +4.9668886191e-03 -2.5560441675e-02 -3.1693231724e-03 
987000 +1.6878934488e-02 +5.1072847085e-03 +7.9763227486e-03 -9.3247248673e-03 
988000 -5.6887773511e-02 -5.8589595679e-03 +3.5130635480e-02 -8.0164028563e-03 
989000 -7.1798328805e-03 -4.1096026407e-03 +3.4179276242e-02 -2.9945285942e-04 
990000 +5.8043680340e-02 +6.5598397376e-03 +5.8711539658e-03 +7.6658622407e-03 
991000 -3.0360547808e-03 +2.9522592348e-03 -2.7130711411e-02 +9.4861734848e-03 
992000 -5.7550614134e-02 -7.0754460234e-03 -3.8425698728e-02 +3.7226165064e-03 
993000 +1.2849846374e-02 -1.7439135592e-03 -1.8977147810e-02 -5.0224790025e-03 
994000 +5.5243190248e-02 +7.3668581934e-03 +1.5665327006e-02 -9.7509397742e-03 
995000 -2.2554308592e-02 +4.5061614649e-04 +3.7758892951e-02 -6.6668611173e-03 
996000 -5.1375372018e-02 -7.4491556937e-03 +2.9647898282e-02 +1.7410506328e-03 
997000 +3.1314228464e-02 +8.2451896448e-04 -2.1897022858e-03 +8.7662855079e-03 
998000 +4.5852632912e-02 +7.2939918624e-03 -3.2277607238e-02 +8.7691374288e-03 
999000 -3.9352793291e-02 -2.0996628494e-03 -3.6520698639e-02 +1.7534302439e-03 
1000000 -3.9110148404e-02 -6.9379037067e-03 -1.1554786871e-02 -6.6586883438e-03 
