0 +3.3000000000e-02 +0.0000000000e+00 +3.3000000000e-02 +0.0000000000e+00 
1000 +6.3555473006e-02 +9.5178818810e-03 +4.6026209043e-03 +7.7107258837e-03 
2000 -4.4167452211e-02 -1.6658834912e-03 -2.7473811144e-02 +9.2374712255e-03 
3000 -5.6027211749e-02 -9.2419568098e-03 -3.7569736319e-02 +3.3826613007e-03 
4000 +5.3706960306e-02 +3.2476655000e-03 -1.7591006521e-02 -5.1894742200e-03 
5000 +4.6596177048e-02 +8.6640098948e-03 +1.6472180696e-02 -9.6022475120e-03 
6000 -6.1895050908e-02 -4.7598189442e-03 +3.7339318429e-02 -6.3248099507e-03 
7000 -3.6066182724e-02 -7.8602931176e-03 +2.8336654478e-02 +2.0049439200e-03 
8000 +6.8025026771e-02 +6.1075156193e-03 -3.3597518054e-03 +8.7437080688e-03 
9000 +2.4094556109e-02 +6.7806407407e-03 -3.2358732841e-02 +8.4680756459e-03 
10000 -7.2282740021e-02 -7.2895611586e-03 -3.5449091824e-02 +1.4221890127e-03 
11000 -1.1821150152e-02 -5.5459501301e-03 -1.0182675656e-02 -6.7625100212e-03 
12000 +7.4243778375e-02 +8.2394316106e-03 +2.3251362762e-02 -9.5415965172e-03 
13000 -1.2605000791e-03 +4.0935445409e-03 +3.8053089503e-02 -4.6672158141e-03 
14000 -7.4103079740e-02 -8.9560893517e-03 +2.2398351781e-02 +3.9280808991e-03 
15000 +1.3832600732e-02 -2.5730277217e-03 -1.1175243580e-02 +9.3907410463e-03 
16000 +7.1624723793e-02 +9.3909826237e-03 -3.5816423923e-02 +7.3317298230e-03 
17000 -2.6449845333e-02 +9.2227602891e-04 -3.1762369962e-02 -6.0225157485e-04 
18000 -6.7146006665e-02 -9.5623374421e-03 -2.2958666527e-03 -8.0427708096e-03 
19000 +3.7848989410e-02 +7.0630851365e-04 +2.9009756710e-02 -9.0600621783e-03 
20000 +6.0486470023e-02 +9.4263509981e-03 +3.7096322822e-02 -2.8116320860e-03 
21000 -4.8489239888e-02 -2.3579220588e-03 +1.5468200306e-02 +5.6813573002e-03 
22000 -5.2237426247e-02 -9.0356426094e-03 -1.8529166537e-02 +9.6264969735e-03 
23000 +5.7373276746e-02 +3.9027822582e-03 -3.7702321089e-02 +5.8734058703e-03 
24000 +4.2159358524e-02 +8.3416597183e-03 -2.6688494119e-02 -2.5931065094e-03 
25000 -6.4778804321e-02 -5.3594348505e-03 +5.6984150972e-03 -8.9722713395e-03 
26000 -3.1138107086e-02 -7.4366958436e-03 +3.3519203211e-02 -8.1793499542e-03 
27000 +7.0079204363e-02 +6.6355321420e-03 +3.4514053830e-02 -8.3487393666e-04 
28000 +1.8823094725e-02 +6.2656786278e-03 +7.8724868876e-03 +7.1793207467e-03 
29000 -7.3399637109e-02 -7.7269887931e-03 -2.5073079903e-02 +9.4401296940e-03 
30000 -6.3398199274e-03 -4.9537774337e-03 -3.7953031476e-02 +4.1552879819e-03 
31000 +7.4445865330e-02 +8.5778866661e-03 -2.0449526223e-02 -4.4667092864e-03 
32000 -6.7502810240e-03 +3.4452575816e-03 +1.3424287741e-02 -9.5033412865e-03 
33000 -7.3332723996e-02 -9.1795695157e-03 +3.6555900450e-02 -6.9377123012e-03 
34000 +1.9220638310e-02 -1.8815992300e-03 +3.0433280521e-02 +1.1793278116e-03 
35000 +6.9944876388e-02 +9.4977888848e-03 -5.9478897468e-05 +8.3595420338e-03 
36000 -3.1522229535e-02 +2.1607603884e-04 -3.0494340608e-02 +8.8349952380e-03 
37000 -6.4580288322e-02 -9.5443825088e-03 -3.6531400566e-02 +2.2516948851e-03 
38000 +4.2504593777e-02 +1.4138636027e-03 -1.3327807405e-02 -6.1436901275e-03 
39000 +5.7111668296e-02 +9.2866139978e-03 +2.0550775234e-02 -9.6168240998e-03 
40000 -5.2549533001e-02 -3.0380796837e-03 +3.7962458313e-02 -5.3860966804e-03 
41000 -4.8172061844e-02 -8.7777927708e-03 +2.5006772050e-02 +3.1439991474e-03 
42000 +6.0736106652e-02 +4.5400620488e-03 -7.9750890265e-03 +9.1723639804e-03 
43000 +3.7483879064e-02 +7.9716872537e-03 -3.4568475873e-02 +7.8435657196e-03 
44000 -6.7338559017e-02 -5.9316877376e-03 -3.3477516896e-02 +2.4262592104e-04 
45000 -2.6048246419e-02 -6.9702378518e-03 -5.6103141135e-03 -7.5509354355e-03 
46000 +7.1740522830e-02 +7.1254178875e-03 +2.6763845586e-02 -9.3097625895e-03 
47000 +1.3410330326e-02 +5.7113109982e-03 +3.7697094580e-02 -3.6000838800e-03 
48000 -7.4143302795e-02 -8.1229144601e-03 +1.8451819288e-02 +4.9771761778e-03 
49000 -8.2979633681e-04 -4.3351439185e-03 -1.5550011469e-02 +9.5804114579e-03 
50000 +7.4208126411e-02 +8.8632188383e-03 -3.7118623596e-02 +6.5124262965e-03 
51000 -1.2240624587e-02 +2.7744735066e-03 -2.8951844718e-02 -1.7759879595e-03 
52000 -7.2167235824e-02 -9.3528320614e-03 +2.3839679838e-03 -8.6312151760e-03 
53000 +2.4493308287e-02 -1.1840563986e-03 +3.1809443599e-02 -8.5914843938e-03 
54000 +6.7847900357e-02 +9.5472027334e-03 +3.5777142469e-02 -1.6628783986e-03 
55000 -3.6428013283e-02 -4.9111682294e-04 +1.1087586809e-02 +6.5919338750e-03 
56000 -6.1648655456e-02 -9.4750859394e-03 -2.2469873440e-02 +9.5693103305e-03 
57000 +4.6914656743e-02 +2.1091641624e-03 -3.8045792197e-02 +4.8943230237e-03 
58000 +5.3417590442e-02 +9.0958050714e-03 -2.3162696817e-02 -3.7094367349e-03 
59000 -5.6294355794e-02 -3.6991732751e-03 +1.0269902199e-02 -9.3327227653e-03 
60000 -4.3828222284e-02 -8.4735761292e-03 +3.5481368418e-02 -7.4949830986e-03 
61000 +6.3764645816e-02 +5.1520366132e-03 +3.2293911067e-02 +3.4632462562e-04 
62000 +3.2632817112e-02 +7.5625436620e-03 +3.2501738079e-03 +7.9113811718e-03 
63000 -6.9494134932e-02 -6.4696993291e-03 -2.8395856064e-02 +9.1367991275e-03 
64000 -2.0807200114e-02 -6.4657272993e-03 -3.7320564877e-02 +3.0596871037e-03 
65000 +7.3028473154e-02 +7.5808507831e-03 -1.6365829549e-02 -5.4780610237e-03 
66000 +7.9662982693e-03 +5.1303729726e-03 +1.7687209312e-02 -9.6201414226e-03 
67000 -7.4465255229e-02 -8.4740745335e-03 +3.7583502673e-02 -6.0661194194e-03 
68000 +4.6915186441e-03 -3.6895850111e-03 +2.7407303586e-02 +2.3408622483e-03 
69000 +7.3593656656e-02 +9.1056559207e-03 -4.7197231352e-03 +8.8825456145e-03 
70000 -1.7644773362e-02 +2.0895951057e-03 -3.3054688754e-02 +8.2992666257e-03 
71000 -7.0615392867e-02 -9.4745490909e-03 -3.4940148778e-02 +1.0864118365e-03 
72000 +2.9640587257e-02 -4.7535707239e-04 -8.8631230636e-03 -7.0052956975e-03 
73000 +6.5391898973e-02 +9.5458903902e-03 +2.4318925603e-02 -9.4866741585e-03 
74000 -4.1152554759e-02 -1.1979184540e-03 +3.8012917271e-02 -4.3661667248e-03 
75000 -5.8396919851e-02 -9.3524970735e-03 +2.1297696158e-02 +4.2359438630e-03 
76000 +5.1070263555e-02 +2.7947297191e-03 -1.2470840084e-02 +9.4627696394e-03 
77000 +4.9409251022e-02 +8.8513141020e-03 -3.6256785412e-02 +7.1010872734e-03 
78000 -5.9767907531e-02 -4.3426349337e-03 -3.1001064874e-02 -9.4053579606e-04 
79000 -3.9255296664e-02 -8.1219112900e-03 -9.5124891556e-04 -8.2257567854e-03 
80000 +6.6427885609e-02 +5.7322753927e-03 +2.9873543884e-02 -8.9375985634e-03 
81000 +2.7560513891e-02 +7.1063104010e-03 +3.6772851539e-02 -2.4789930644e-03 
82000 -7.1293214822e-02 -6.9731219278e-03 +1.4227214626e-02 +5.9510997025e-03 
83000 -1.5456348801e-02 -5.9274220370e-03 -1.9692346878e-02 +9.6258466490e-03 
84000 +7.3884721414e-02 +7.9883512462e-03 -3.7861944442e-02 +5.5949251704e-03 
85000 +2.4499067998e-03 +4.5186366908e-03 -2.5705291794e-02 -2.9225740037e-03 
86000 -7.4375575435e-02 -8.7786174681e-03 +7.0274323887e-03 -9.0893574297e-03 
87000 +1.0182325229e-02 -3.0278839779e-03 +3.4131413420e-02 -7.9935400899e-03 
88000 +7.2551931962e-02 +9.2943373719e-03 +3.3919269911e-02 -4.8898742373e-04 
89000 -2.2943408056e-02 +1.3949079259e-03 +6.5406670775e-03 +7.4026840451e-03 
90000 -6.8656147709e-02 -9.5448074504e-03 -2.6071087055e-02 +9.3676859462e-03 
91000 +3.4620886342e-02 +2.3294102321e-04 -3.7817334857e-02 +3.8415452565e-03 
92000 +6.2584750853e-02 +9.4941358548e-03 -1.9288304322e-02 -4.7699467934e-03 
93000 -4.5614408635e-02 -1.8948326547e-03 +1.4685317664e-02 -9.5519792124e-03 
94000 -5.4807799675e-02 -9.1795395999e-03 +3.6907632723e-02 -6.6974920780e-03 
95000 +5.4952470701e-02 +3.4665147305e-03 +2.9588319528e-02 +1.5223022130e-03 
96000 +4.5166715359e-02 +8.5638263046e-03 -1.4206355713e-03 +8.5242808193e-03 
97000 -6.2880592921e-02 -4.9604801294e-03 -3.1288961555e-02 +8.6952312216e-03 
98000 -3.4460637195e-02 -7.7249413312e-03 -3.6124303349e-02 +1.9178719878e-03 
99000 +6.8749063071e-02 +6.2865645585e-03 -1.2036536525e-02 -6.4069205546e-03 
100000 +2.2373285952e-02 +6.6151827006e-03 +2.1683096376e-02 -9.5920135835e-03 
101000 -7.2696378608e-02 -7.4384657631e-03 +3.8042701156e-02 -5.1026425439e-03 
102000 -1.0018646639e-02 -5.3532052079e-03 +2.3966887156e-02 +3.4671699063e-03 
103000 +7.4358719611e-02 +8.3567341146e-03 -9.3079848573e-03 +9.2718018271e-03 
104000 -3.0756213244e-03 +3.8816645484e-03 -3.5116478777e-02 +7.6385328264e-03 
105000 -7.3897767265e-02 -9.0353157674e-03 -3.2820261219e-02 -9.5591624770e-05 
106000 +1.5619786392e-02 -2.3459104019e-03 -4.2635220273e-03 -7.7613509165e-03 
107000 +7.1111847951e-02 +9.4315473695e-03 +2.7719926979e-02 -9.2137057784e-03 
108000 -2.8147055937e-02 +6.8905102404e-04 +3.7490288338e-02 -3.2805722936e-03 
109000 -6.6343000916e-02 -9.5621370653e-03 +1.7265698238e-02 +5.2642873438e-03 
110000 +3.9407519765e-02 +9.4001224619e-04 -1.6779890210e-02 +9.6105705197e-03 
111000 +5.9402866787e-02 +9.3849633566e-03 -3.7398272612e-02 +6.2517726155e-03 
112000 -4.9864697741e-02 -2.5842524687e-03 -2.8057537291e-02 -2.1092829073e-03 
113000 -5.0927933528e-02 -8.9561325342e-03 +3.7238724035e-03 -8.7767751883e-03 
114000 +5.8514820560e-02 +4.1146206803e-03 +3.2534149018e-02 -8.4307147479e-03 
115000 +4.0635760506e-02 +8.2239003000e-03 +3.5294303288e-02 -1.3207731346e-03 
116000 -6.5663634341e-02 -5.5515590968e-03 +9.7887854920e-03 +6.8349960014e-03 
117000 -2.9476345452e-02 -7.2877126891e-03 -2.3539353049e-02 +9.5263450006e-03 
118000 +7.0666911188e-02 +6.8005433601e-03 -3.8035654028e-02 +4.5930343841e-03 
119000 +1.7047452876e-02 +6.0865966239e-03 -2.2071593795e-02 -4.0248073275e-03 
120000 -7.3685749766e-02 -7.8622476350e-03 +1.1563897548e-02 -9.4101250910e-03 
121000 -4.5242884562e-03 -4.7530688418e-03 +3.5940193518e-02 -7.2752412676e-03 
122000 +7.4413077085e-02 +8.6774281438e-03 +3.1551080282e-02 +6.9239249854e-04 
123000 -8.5612959932e-03 +3.2265719364e-03 +1.8958422933e-03 +8.1014786302e-03 
124000 -7.2988137583e-02 -9.2423391734e-03 -2.9277851323e-02 +9.0245102515e-03 
125000 +2.0973936005e-02 -1.6524093247e-03 -3.7019929174e-02 +2.7309588837e-03 
126000 +6.9300357013e-02 +9.5208009174e-03 -1.5123976532e-02 -5.7587231065e-03 
127000 -3.3154354790e-02 -1.6716120381e-05 +1.8878338456e-02 -9.6268353268e-03 
128000 -6.3649922972e-02 -9.5272737078e-03 +3.7775817294e-02 -5.7987647031e-03 
129000 +4.3989036326e-02 +1.6450333764e-03 +2.6437628342e-02 +2.6752977943e-03 
130000 +5.5933249667e-02 +9.2301761301e-03 -6.0693962462e-03 +9.0088775845e-03 
131000 -5.3815499105e-02 -3.2581077450e-03 -3.3709123707e-02 +8.1221857560e-03 
132000 -4.6767820986e-02 -8.6823745120e-03 -3.4381619597e-02 +7.4694402286e-04 
133000 +6.1776386584e-02 +4.7457597848e-03 -7.5265168558e-03 -7.2392368920e-03 
134000 +3.5907253110e-02 +7.8416067931e-03 +2.5351700270e-02 -9.4194977089e-03 
135000 -6.8094207168e-02 -6.1131113512e-03 +3.7927015734e-02 -4.0619094620e-03 
136000 -2.4334817831e-02 -6.8074235013e-03 +2.0163274077e-02 +4.5413591480e-03 
137000 +7.2210477903e-02 +7.2803224237e-03 -1.3755433719e-02 +9.5213807631e-03 
138000 +1.1616909906e-02 +5.5223827944e-03 -3.6648733960e-02 +6.8628817439e-03 
139000 -7.4299606748e-02 -8.2438949869e-03 -3.0204232319e-02 -1.2763954709e-03 
140000 +9.9158201527e-04 -4.1245030868e-03 +4.0222245222e-04 -8.4005234815e-03 
141000 +7.4046882307e-02 +8.9479390499e-03 +3.0702778158e-02 -8.8019583838e-03 
142000 -1.4039331548e-02 +2.5493378438e-03 +3.6402656736e-02 -2.1458109288e-03 
143000 -7.1701558555e-02 -9.3987003543e-03 +1.2972179917e-02 +6.2134310040e-03 
144000 +2.6205671775e-02 -9.5134614885e-04 -2.0837780955e-02 +9.6135846467e-03 
145000 +6.7072126165e-02 +9.5515628154e-03 -3.7975916333e-02 +5.3083337091e-03 
146000 -3.8013984298e-02 -7.2500384326e-04 -2.4691597348e-02 -3.2458639477e-03 
147000 -6.0612283031e-02 -9.4405352699e-03 +8.3438896863e-03 -9.1955976227e-03 
148000 +4.8312180021e-02 +2.3358724493e-03 +3.4705983266e-02 -7.7967818023e-03 
149000 +5.2123040718e-02 +9.0201838317e-03 +3.3283828220e-02 -1.4277454879e-04 
150000 -5.7473453630e-02 -3.9136373436e-03 +5.2037917281e-03 +7.6154101270e-03 
151000 -4.2343614190e-02 -8.3630403171e-03 -2.7032314400e-02 +9.2833364424e-03 
152000 +6.4680918048e-02 +5.3462597017e-03 -3.7637492976e-02 +3.5218703941e-03 
153000 +3.0980512674e-02 +7.4169615915e-03 -1.8105504644e-02 -5.0662001824e-03 
154000 -7.0124892850e-02 -6.6395613453e-03 +1.5924588076e-02 -9.5885574624e-03 
155000 -1.9052144863e-02 -6.2922389939e-03 +3.7207783519e-02 -6.4473687201e-03 
156000 +7.3357769966e-02 +7.7204592944e-03 +2.8708559174e-02 +1.8634569951e-03 
157000 +6.1568362918e-03 +4.9323485888e-03 -2.7770172464e-03 +8.6779278112e-03 
158000 -7.4476660023e-02 -8.5796803271e-03 -3.2041422171e-02 +8.5448402460e-03 
159000 +6.5083419155e-03 -3.4730920099e-03 -3.5664881028e-02 +1.5792844471e-03 
160000 +7.3300278198e-02 +9.1745314638e-03 -1.0732698159e-02 -6.6608839456e-03 
161000 -1.9399165354e-02 +1.8619883294e-03 +2.2786038873e-02 -9.5563181045e-03 
162000 -7.0010909077e-02 -9.5034325281e-03 +3.8072440850e-02 -4.8122457650e-03 
163000 +3.1305007432e-02 -2.4099302681e-04 +2.2888663298e-02 +3.7879254498e-03 
164000 +6.4509935285e-02 +9.5353327034e-03 -1.0625900396e-02 +9.3579081880e-03 
165000 -4.2650655114e-02 -1.4288418193e-03 -3.5620276572e-02 +7.4264619779e-03 
166000 -5.7249372378e-02 -9.3008046591e-03 -3.2118419183e-02 -4.3553290432e-04 
167000 +5.2385100075e-02 +3.0188905007e-03 -2.9031533767e-03 -7.9624344734e-03 
168000 +4.8038291272e-02 +8.7616020268e-03 +2.8637666180e-02 -9.1052500022e-03 
169000 -6.0836823566e-02 -4.5496028000e-03 +3.7238735414e-02 -2.9597701474e-03 
170000 -3.7698154174e-02 -7.9954675286e-03 +1.6053480321e-02 +5.5473086353e-03 
171000 +6.7233942855e-02 +5.9186157556e-03 -1.7995548686e-02 +9.6274698261e-03 
172000 +2.5858764561e-02 +6.9476658230e-03 -3.7628373125e-02 +5.9840691396e-03 
173000 -7.1805001470e-02 -7.1311749976e-03 -2.7132157273e-02 -2.4380415079e-03 
174000 -1.3671808638e-02 -5.7415318215e-03 +5.0640485227e-03 -8.9132367393e-03 
175000 +7.4081700135e-02 +8.1139111214e-03 +3.3222941738e-02 -8.2575674022e-03 
176000 +6.2044860464e-04 +4.3104056951e-03 +3.4766489372e-02 -9.7905375377e-04 
177000 -7.4264656727e-02 -8.8687181655e-03 +8.4826185809e-03 +7.0689161983e-03 
178000 +1.1982080403e-02 -2.8052358563e-03 -2.4583563818e-02 +9.4718160940e-03 
179000 +7.2115302417e-02 +9.3443824707e-03 -3.7981328764e-02 +4.2848983406e-03 
180000 -2.4677212231e-02 +1.1626700193e-03 -2.0954092110e-02 -4.3330818265e-03 
181000 -6.7932344378e-02 -9.5564532847e-03 +1.2838334292e-02 -9.4757728265e-03 
182000 +3.6220326772e-02 +4.6574192202e-04 +3.6356484589e-02 -7.0453993687e-03 
183000 +6.1570971314e-02 +9.4637605703e-03 +3.0771930651e-02 +1.0373634567e-03 
184000 -4.7041239585e-02 -2.1231867194e-03 +5.4147252656e-04 +8.2805168895e-03 
185000 -5.3557585851e-02 -9.1116434607e-03 -3.0117712698e-02 +8.9003665434e-03 
186000 +5.6161795285e-02 +3.6824441083e-03 -3.6673602104e-02 +2.3976182769e-03 
187000 +4.3702896539e-02 +8.4575369518e-03 -1.3866871383e-02 -6.0311969553e-03 
188000 -6.3831442798e-02 -5.1582743238e-03 +2.0043650375e-02 -9.6219076208e-03 
189000 -3.2834522106e-02 -7.5853797618e-03 +3.7914204872e-02 -5.5223110265e-03 
190000 +6.9427383331e-02 +6.4608095767e-03 +2.5434661078e-02 +3.0065223754e-03 
191000 +2.0635760552e-02 +6.4455549361e-03 -7.4075586256e-03 +9.1235057967e-03 
192000 -7.3063900414e-02 -7.5827984128e-03 -3.4320044173e-02 +7.9358547121e-03 
193000 -8.2098737264e-03 -5.1578966433e-03 -3.3771772066e-02 +4.0382175082e-04 
194000 +7.4427321259e-02 +8.4687268103e-03 -6.1807390391e-03 -7.4628084481e-03 
195000 -4.8847360174e-03 +3.6680379013e-03 +2.6349753174e-02 -9.3416692743e-03 
196000 -7.3643459125e-02 -9.1091205816e-03 +3.7792973109e-02 -3.7527615615e-03 
197000 +1.7398166524e-02 -2.1176305023e-03 +1.8994131025e-02 +4.8434439099e-03 
198000 +7.0560114234e-02 +9.4671858573e-03 -1.5021416461e-02 +9.5660988616e-03 
199000 -2.9819815809e-02 +4.5612272454e-04 -3.6994000540e-02 +6.6187340369e-03 
200000 -6.5497355782e-02 -9.5562592613e-03 -2.9368806697e-02 -1.6117705809e-03 
201000 +4.0944674129e-02 +1.1737310158e-03 +1.7645771846e-03 -8.5656147439e-03 
202000 +5.8290866892e-02 +9.3390561532e-03 +3.1491438643e-02 -8.6540008786e-03 
203000 -5.1205609999e-02 -2.8087720869e-03 +3.5988763428e-02 -1.8130270101e-03 
204000 -4.9587781883e-02 -8.8710417450e-03 +1.1699497014e-02 +6.4698846567e-03 
205000 +5.9625223416e-02 +4.3250336850e-03 -2.1965040658e-02 +9.5884477096e-03 
206000 +3.9092557457e-02 +8.1017446980e-03 -3.8040620168e-02 +5.0153365448e-03 
207000 -6.6510603777e-02 -5.7405211232e-03 -2.3650993216e-02 -3.5628330999e-03 
208000 -2.7797805174e-02 -7.1338207811e-03 +9.6515969359e-03 -9.2917895281e-03 
209000 +7.1214929430e-02 +6.9620712157e-03 +3.5242954181e-02 -7.5886925952e-03 
210000 +1.5259566439e-02 +5.9034816964e-03 +3.2606439240e-02 +2.0212079167e-04 
211000 -7.3933069914e-02 -7.9929885038e-03 +3.8654348335e-03 +7.8176687204e-03 
212000 -2.7067688444e-03 -4.5491092105e-03 -2.7960651819e-02 +9.1874318000e-03 
213000 +7.4333659371e-02 +8.7713315180e-03 -3.7414841396e-02 +3.1968219635e-03 
214000 -1.0374427884e-02 +3.0051492458e-03 -1.6901330372e-02 -5.3545627335e-03 
215000 -7.2604292534e-02 -9.2996078478e-03 +1.7138644666e-02 -9.6129119497e-03 
216000 +2.2713246236e-02 -1.4225214786e-03 +3.7460628912e-02 -6.1879297875e-03 
217000 +6.8607857576e-02 +9.5369989407e-03 +2.7796762907e-02 +2.2019503882e-03 
218000 -3.4772996004e-02 -2.4998632073e-04 -4.1279604218e-03 +8.8203107356e-03 
219000 -6.2682488693e-02 -9.5045641287e-03 -3.2748191281e-02 +8.3830626626e-03 
220000 +4.5444081446e-02 +1.8742785218e-03 -3.5158360503e-02 +1.2372678133e-03 
221000 +5.4715351847e-02 +9.1673992330e-03 -9.4197373320e-03 -6.9053772034e-03 
222000 -5.5049826708e-02 -3.4761216087e-03 +2.3859114981e-02 -9.5096970882e-03 
223000 -4.5334347536e-02 -8.5821568730e-03 +3.8047959724e-02 -4.5138930044e-03 
224000 +6.2776596092e-02 +4.9477954951e-03 +2.1778592103e-02 +4.1043104004e-03 
225000 +3.4309004742e-02 +7.7069635640e-03 -1.1925977724e-02 +9.4316453877e-03 
226000 -6.8804396708e-02 -6.2906018066e-03 -3.6079555218e-02 +7.2067606385e-03 
227000 -2.2605443367e-02 -6.6409898749e-03 -3.1368318482e-02 -7.7780054110e-04 
228000 +7.2637503438e-02 +7.4309514017e-03 -1.5365851380e-03 -8.1523583180e-03 
229000 +9.8227989417e-03 +5.3309710885e-03 +2.9515907361e-02 -8.9862908395e-03 
230000 -7.4406138669e-02 -8.3598238101e-03 +3.6941883142e-02 -2.6363122451e-03 
231000 +2.8136132206e-03 -3.9113525108e-03 +1.4811970808e-02 +5.8260036270e-03 
232000 +7.3846329833e-02 +9.0282766054e-03 -1.9189795530e-02 +9.6302593787e-03 
233000 -1.5822145125e-02 +2.3233918559e-03 -3.7809875791e-02 +5.7113533816e-03 
234000 -7.1190985949e-02 -9.4389247762e-03 -2.6174556125e-02 -2.7640076630e-03 
235000 +2.7904550358e-02 -7.1732025488e-04 +6.4070088583e-03 -9.0397204014e-03 
236000 +6.6262621688e-02 +9.5512222201e-03 +3.3870079379e-02 -8.0724963943e-03 
237000 -3.9574609819e-02 -9.5835802978e-04 +3.4196357343e-02 -6.3914479587e-04 
238000 -5.9540960456e-02 -9.4001189327e-03 +7.1673447832e-03 +7.2951512865e-03 
239000 +4.9683599490e-02 +2.5620989507e-03 -2.5604685841e-02 +9.4049141006e-03 
240000 +5.0799483809e-02 +8.9393545309e-03 -3.7879298480e-02 +3.9712226487e-03 
241000 -5.8621985751e-02 -4.1261008773e-03 -1.9813737662e-02 -4.6336380763e-03 
242000 -4.0835776168e-02 -8.2470893577e-03 +1.4095278325e-02 -9.5304533644e-03 
243000 +6.5559189395e-02 +5.5375116015e-03 +3.6732887159e-02 -6.8054055376e-03 
244000 +2.9305121612e-02 +7.2662367088e-03 +2.9955046701e-02 +1.3799826676e-03 
245000 -7.0720008668e-02 -6.8057494513e-03 -8.0916785890e-04 +8.4482305913e-03 
246000 -1.7287102875e-02 -6.1148306260e-03 -3.0917674276e-02 +8.7647091284e-03 
247000 +7.3639491140e-02 +7.8546790114e-03 -3.6285416230e-02 +2.0604716815e-03 
248000 +4.3358871819e-03 +4.7304911162e-03 -1.2594308303e-02 -6.2949954339e-03 
249000 -7.4447207981e-02 -8.6802338423e-03 +2.1179340772e-02 -9.6047871924e-03 
250000 +8.3198143815e-03 -3.2550171011e-03 +3.8001303592e-02 -5.2373062047e-03 
251000 +7.2956621396e-02 +9.2367731458e-03 +2.4403487823e-02 +3.3334910859e-03 
252000 -2.1146536364e-02 +1.6329365029e-03 -8.7343050383e-03 +9.2267507907e-03 
253000 -6.9363983925e-02 -9.5267312099e-03 -3.4883418094e-02 +7.7390785990e-03 
254000 +3.2948484804e-02 -7.3881024913e-06 -3.3114158656e-02 +5.8335988565e-05 
255000 +6.3585406557e-02 +9.5185376878e-03 -4.8313369990e-03 -7.6756487521e-03 
256000 -4.4121131854e-02 -1.6586221359e-03 +2.7313752495e-02 -9.2537190366e-03 
257000 -5.6064949940e-02 -9.2438517071e-03 +3.7606357779e-02 -3.4371931230e-03 
258000 +5.3667177112e-02 +3.2407302889e-03 +1.7795050792e-02 +5.1402307849e-03 
259000 +4.6641092475e-02 +8.6671329587e-03 -1.6264087846e-02 +9.5978090439e-03 
260000 -6.1863016516e-02 -4.7534261844e-03 -3.7293821442e-02 +6.3686523083e-03 
261000 -3.6116367087e-02 -7.8644884259e-03 -2.8490107228e-02 -1.9478689975e-03 
262000 +6.8001748416e-02 +6.1018594924e-03 +3.1301195277e-03 -8.7190833485e-03 
263000 +2.4149016868e-02 +6.7858429714e-03 +3.2236819984e-02 -8.4956629178e-03 
264000 -7.2268842464e-02 -7.2847942659e-03 +3.5532490682e-02 -1.4798305731e-03 
265000 -1.1877816534e-02 -5.5519454574e-03 +1.0404632002e-02 +6.7208685783e-03 
266000 +7.4239750576e-02 +8.2357150864e-03 -2.3068503387e-02 +9.5493540547e-03 
267000 -1.2030686694e-03 +4.1001974923e-03 -3.8055761032e-02 +4.7181295403e-03 
268000 -7.4108947936e-02 -8.9535066952e-03 -2.2584399563e-02 -3.8747752109e-03 
269000 +1.3776192084e-02 -2.5801179605e-03 +1.0954692416e-02 -9.3776596177e-03 
270000 +7.1640353551e-02 +9.3896337739e-03 +3.5737959527e-02 -7.3694196870e-03 
271000 -2.6396278341e-02 +9.2959411618e-04 +3.1888788901e-02 +5.4404708071e-04 
272000 -6.7170885608e-02 -9.5622426464e-03 +2.5259981236e-03 +8.0105758121e-03 
273000 +3.7799522037e-02 +6.9895427910e-04 -2.8860084018e-02 +9.0796733113e-03 
274000 +6.0519854263e-02 +9.4275281677e-03 -3.7146979805e-02 +2.8673672976e-03 
275000 -4.8445807590e-02 -2.3507949939e-03 -1.5678560992e-02 -5.6341820167e-03 
276000 -5.2278337863e-02 -9.0380536755e-03 +1.8327399833e-02 -9.6255515361e-03 
277000 +5.7336609737e-02 +3.8960347208e-03 +3.7670676566e-02 -5.9195354731e-03 
278000 +4.2206563825e-02 +8.3452335154e-03 +2.6852316020e-02 +2.5368945663e-03 
279000 -6.4750550248e-02 -5.3533371051e-03 -5.4703463702e-03 +8.9509677042e-03 
280000 -3.1190230552e-02 -7.4413359597e-03 -3.3409324091e-02 +8.2099613405e-03 
281000 +7.0059724980e-02 +6.6302042944e-03 -3.4610403104e-02 +8.9298209469e-04 
282000 +1.8878592070e-02 +6.2712350698e-03 -8.0978685976e-03 -7.1403396376e-03 
283000 -7.3389873703e-02 -7.7226464494e-03 +2.4899109579e-02 -9.4513994412e-03 
284000 -6.3970175966e-03 -4.9600964555e-03 +3.7969631436e-02 -4.2078246262e-03 
285000 +7.4445966255e-02 +8.5746280107e-03 +2.0643506683e-02 +4.4149421897e-03 
286000 -6.6930443507e-03 +3.4521360852e-03 -1.3208336981e-02 +9.4938604324e-03 
287000 -7.3342656106e-02 -9.1775035065e-03 -3.6490802472e-02 +6.9780116701e-03 
288000 +1.9165153537e-02 -1.8888369912e-03 -3.0571117842e-02 -1.1214130422e-03 
289000 +6.9964601797e-02 +9.4969922461e-03 -1.7100886774e-04 -8.3304333750e-03 
290000 -3.1470094767e-02 +2.2344993348e-04 +3.0355835095e-02 -8.8579907961e-03 
291000 -6.4608806895e-02 -9.5448382513e-03 +3.6595672797e-02 -2.3083464510e-03 
292000 +4.2457454580e-02 +1.4065764517e-03 +1.3543449127e-02 +6.0986501889e-03 
293000 +5.7148639910e-02 +9.2883627413e-03 -2.0356403075e-02 +9.6195416089e-03 
294000 -5.2508770186e-02 -3.0310929049e-03 -3.7945019887e-02 +5.4343252357e-03 
295000 -4.8215810839e-02 -8.7807118618e-03 -2.5180179565e-02 -3.0888248653e-03 
296000 +6.0702945158e-02 +4.5335893431e-03 +7.7495906447e-03 -9.1544006527e-03 
297000 +3.7533592968e-02 +7.9757558706e-03 +3.4471458180e-02 -7.8772420168e-03 
298000 -6.7314036565e-02 -5.9259138199e-03 +3.3586645477e-02 -3.0090997005e-04 
299000 -2.6102020943e-02 -6.9752737588e-03 +5.8382538611e-03 +7.5146138778e-03 
300000 +7.1725255813e-02 +7.1205164280e-03 -2.6599546455e-02 +9.3245416876e-03 
301000 +1.3466787412e-02 +5.7172081274e-03 -3.7727996159e-02 +3.6541000132e-03 
302000 -7.4137878794e-02 -8.1190294794e-03 -1.8653166275e-02 -4.9271740934e-03 
303000 -8.8720671339e-04 -4.3417076485e-03 +1.5339322447e-02 -9.5743917904e-03 
304000 +7.4212515607e-02 +8.8604614875e-03 +3.7067296967e-02 -6.5552867951e-03 
305000 -1.2184120935e-02 +2.7815058429e-03 +2.9100935957e-02 +1.7186474748e-03 
306000 -7.2181475157e-02 -9.3512936058e-03 -2.1537846486e-03 +8.6052286652e-03 
307000 +2.4439056784e-02 -1.1913789758e-03 -3.1682362464e-02 +8.6176744532e-03 
308000 +6.7871411880e-02 +9.5469208302e-03 -3.5854963936e-02 +1.7203044832e-03 
309000 -3.6378072225e-02 -4.8377157680e-04 -1.1307917402e-02 -6.5493194227e-03 
310000 -6.1680842524e-02 -9.4760828231e-03 +2.2283316969e-02 -9.5755220291e-03 
311000 +4.6869993386e-02 +2.1019527689e-03 +3.8042344618e-02 -4.9444771491e-03 
312000 +5.3457485785e-02 +9.0980450868e-03 +2.3345149880e-02 +3.6555474153e-03 
313000 -5.6256807517e-02 -3.6923814669e-03 -1.0047711508e-02 +9.3182419963e-03 
314000 -4.3874582018e-02 -8.4769980016e-03 -3.5397170186e-02 +7.5314459884e-03 
315000 +6.3734915990e-02 +5.1458068874e-03 -3.2415174851e-02 -2.8801312116e-04 
316000 +3.2684425001e-02 +7.5670475308e-03 -3.4797800857e-03 -7.8780061182e-03 
317000 -6.9473419301e-02 -6.4642709300e-03 +2.8241766537e-02 -9.1550057073e-03 
318000 -2.0862288683e-02 -6.4711675948e-03 +3.7365228658e-02 -3.1149276825e-03 
319000 +7.3017288000e-02 +7.5763583097e-03 +1.6573589509e-02 +5.4299754961e-03 
320000 +8.0234905389e-03 +5.1366001325e-03 -1.7482776666e-02 +9.6177852233e-03 
321000 -7.4463888177e-02 -8.4706586538e-03 -3.7546033048e-02 +6.1112854607e-03 
322000 +4.6342291035e-03 -3.6963894180e-03 -2.7566751502e-02 -2.2842409624e-03 
323000 +7.3602388425e-02 +9.1034364691e-03 +4.4909354237e-03 -8.8598441795e-03 
324000 -1.7588867647e-02 +2.0967929917e-03 +3.2939821106e-02 -8.3286611438e-03 
325000 -7.0633595580e-02 -9.4735496919e-03 +3.5031102038e-02 -1.1443284066e-03 
326000 +2.9587930693e-02 -4.8271189579e-04 +9.0871203767e-03 +6.9651376608e-03 
327000 +6.5419461343e-02 +9.5461938649e-03 -2.4141201334e-02 +9.4965068032e-03 
328000 -4.1104659663e-02 -1.1906111412e-03 -3.8023794666e-02 +4.4180518640e-03 
329000 -5.8432540690e-02 -9.3540281934e-03 -2.1488441874e-02 -4.1835025482e-03 
330000 +5.1028513763e-02 +2.7876926053e-03 +1.2252867098e-02 -9.4517383540e-03 
331000 +4.9452260596e-02 +8.8540879413e-03 +3.6186122452e-02 -7.1403450700e-03 
332000 -5.9733715506e-02 -4.3360798068e-03 +3.1134270167e-02 +8.8249063705e-04 
333000 -3.9304085271e-02 -8.1257926328e-03 +1.1817322552e-03 +8.1953029880e-03 
334000 +6.6401979192e-02 +5.7263801791e-03 -2.9730275196e-02 +8.9591768115e-03 
335000 +2.7613790076e-02 +7.1112207392e-03 -3.6831514365e-02 +2.5352973261e-03 
336000 -7.1276702892e-02 -6.9680862643e-03 -1.4440815857e-02 -5.9051575431e-03 
337000 -1.5512512023e-02 -5.9332028009e-03 +1.9494700491e-02 -9.6269796716e-03 
338000 +7.3877705400e-02 +7.9842935698e-03 +3.7838524185e-02 -5.6423110203e-03 
339000 +2.5071528936e-03 +4.5251097652e-03 +2.5874804949e-02 +2.8669620231e-03 
340000 -7.4378611325e-02 -8.7756950549e-03 -6.8006778212e-03 +9.0699731860e-03 
341000 +1.0125424925e-02 -3.0348870403e-03 -3.4028844384e-02 +8.0259144716e-03 
342000 +7.2564658729e-02 +9.2926083147e-03 -3.4023079113e-02 +5.4723977192e-04 
343000 -2.2888890366e-02 +1.4021866033e-03 -6.7676437354e-03 -7.3652727949e-03 
344000 -6.8678350272e-02 -9.5443507526e-03 +2.5902563891e-02 -9.3809626060e-03 
345000 +3.4569989389e-02 +2.2555014273e-04 +3.7842141259e-02 -3.8949681458e-03 
346000 +6.2615778683e-02 +9.4949551830e-03 +1.9486636030e-02 +4.7191913072e-03 
347000 -4.5569019472e-02 -1.8876101480e-03 -1.4472355845e-02 +9.5445391488e-03 
348000 -5.4846588773e-02 -9.1816093079e-03 -3.6850394857e-02 +6.7392578532e-03 
349000 +5.4913662525e-02 +3.4596285059e-03 -2.9732674984e-02 -1.4646660853e-03 
350000 +4.5212410616e-02 +8.5671013858e-03 +1.1902664930e-03 -8.4970136965e-03 
351000 -6.2849732986e-02 -4.9541769657e-03 +3.1157075371e-02 -8.7200991606e-03 
352000 -3.4511473266e-02 -7.7292905870e-03 +3.6196366935e-02 -1.9749846261e-03 
353000 +6.8727026385e-02 +6.2810139667e-03 +1.2254949185e-02 +6.3632413533e-03 
354000 +2.2428187266e-02 +6.6205142113e-03 -2.1493262404e-02 +9.5968160685e-03 
355000 -7.2683776047e-02 -7.4338341872e-03 -3.8033422294e-02 +5.1519929518e-03 
356000 -1.0075511450e-02 -5.3593111426e-03 -2.4145550288e-02 -3.4126948742e-03 
357000 +7.4356102455e-02 +8.3531768710e-03 +9.0843412791e-03 -9.2558500481e-03 
358000 -3.0181388686e-03 +3.8884041138e-03 +3.5026977440e-02 -7.6738812931e-03 
359000 -7.3904958388e-02 -9.0329021294e-03 +3.2936519828e-02 +3.7284661053e-05 
360000 +1.5563665820e-02 -2.3530463974e-03 +4.4925054773e-03 +7.7266795394e-03 
361000 +7.1128906585e-02 +9.4303912329e-03 -2.7561525418e-02 +9.2305058625e-03 
362000 -2.8093900778e-02 +6.9639293269e-04 -3.7529312355e-02 +3.3353295663e-03 
363000 -6.6369114440e-02 -9.5622224931e-03 -1.7470900360e-02 -5.2153708346e-03 
364000 +3.9358816614e-02 +9.3268533550e-04 +1.6572722319e-02 -9.6066373091e-03 
365000 +5.9437480755e-02 +9.3863322496e-03 +3.7355025905e-02 -6.2960207859e-03 
366000 -4.9822162515e-02 -2.5771717654e-03 +2.8212804149e-02 +2.0523541023e-03 
367000 -5.0969833930e-02 -8.9587089437e-03 -3.4943274587e-03 +8.7526491584e-03 
368000 +5.8479297713e-02 +4.1079626952e-03 -3.2414065505e-02 +8.4587670674e-03 
369000 +4.0683775944e-02 +8.2276318243e-03 -3.5379840002e-02 +1.3785174079e-03 
370000 -6.5636664992e-02 -5.5455683992e-03 -1.0011412543e-02 -6.7938085564e-03 
371000 -2.9529061134e-02 -7.2924843527e-03 +2.3357736834e-02 -9.5346142624e-03 
372000 +7.0648777196e-02 +6.7953453354e-03 +3.8040489485e-02 -4.6442318707e-03 
373000 +1.7103216856e-02 +6.0922588654e-03 +2.2258971257e-02 +3.9717615558e-03 
374000 -7.3677452597e-02 -7.8580543336e-03 -1.1343998961e-02 +9.3976370254e-03 
375000 -4.5816017440e-03 -4.7594770267e-03 -3.5863690977e-02 +7.3133124460e-03 
376000 +7.4414530070e-02 +8.6743208436e-03 -3.1679309941e-02 -6.3419119835e-04 
377000 -8.5043173940e-03 +3.2335016011e-03 -2.1260422634e-03 -8.0698337443e-03 
378000 -7.2999487254e-02 -9.2404461845e-03 +2.9129910515e-02 -9.0446528452e-03 
379000 +2.0918806864e-02 -1.6596886678e-03 +3.7072623674e-02 -2.7868456896e-03 
380000 +6.9321302505e-02 +9.5201678383e-03 +1.5335195998e-02 +5.7118657131e-03 
381000 -3.3102889965e-02 -9.3436145890e-06 -1.8677815390e-02 +9.6265468938e-03 
382000 -6.3679635623e-02 -9.5279107133e-03 -3.7746410282e-02 +5.8452044678e-03 
383000 +4.3942672363e-02 +1.6377611500e-03 -2.6602907122e-02 -2.6192054954e-03 
384000 +5.5971233416e-02 +9.2320933575e-03 +5.8417369540e-03 -8.9881285525e-03 
385000 -5.3775702055e-02 -3.2511757014e-03 +3.3601426420e-02 -8.1533384006e-03 
386000 -4.6812433484e-02 -8.6854639613e-03 +3.4480003065e-02 -8.0506833125e-04 
387000 +6.1744355895e-02 +4.7393677511e-03 +7.7522969933e-03 +7.2006223504e-03 
388000 +3.5957700739e-02 +7.8458324601e-03 -2.5179325191e-02 +9.4313854414e-03 
389000 -6.8070870078e-02 -6.1074458263e-03 -3.7946062484e-02 +4.1146981199e-03 
390000 -2.4389048877e-02 -6.8125939243e-03 -2.0358464356e-02 -4.4898509987e-03 
391000 +7.2196603258e-02 +7.2755647710e-03 +1.3540299089e-02 -9.5124194233e-03 
392000 +1.1673711744e-02 +5.5283992056e-03 +3.6585945223e-02 -6.9036499307e-03 
393000 -7.4295515320e-02 -8.2401629381e-03 +3.0344036360e-02 +1.2185792945e-03 
394000 +9.3418643621e-04 -4.1311425235e-03 -1.7170053822e-04 +8.3718609184e-03 
395000 +7.4052759383e-02 +8.9453665504e-03 -3.0566081598e-02 +8.8254733918e-03 
396000 -1.3982991053e-02 +2.5564272630e-03 -3.6469234686e-02 +2.2026131918e-03 
397000 -7.1717150801e-02 -9.3973382720e-03 -1.3188735930e-02 -6.1687786165e-03 
398000 +2.6151925969e-02 -9.5867645529e-04 +2.0644537917e-02 -9.6168085343e-03 
399000 +6.7096987160e-02 +9.5514722031e-03 +3.7960733379e-02 -5.3569062260e-03 
400000 -3.7964752882e-02 -7.1767306078e-04 +2.4866579480e-02 +3.1909114904e-03 
401000 -6.0645658497e-02 -9.4417068281e-03 -8.1187536756e-03 +9.1781644929e-03 
402000 +4.8268444925e-02 +2.3287133436e-03 -3.4610892875e-02 +7.8308854066e-03 
403000 +5.2163923024e-02 +9.0225909995e-03 -3.3394946145e-02 +2.0108943229e-04 
404000 -5.7437061509e-02 -3.9069238182e-03 -5.4320821620e-03 -7.5795998525e-03 
405000 -4.2390817829e-02 -8.3666159978e-03 +2.6869476733e-02 -9.2986183176e-03 
406000 +6.4652391478e-02 +5.3401266060e-03 +3.7670509970e-02 -3.5761081418e-03 
407000 +3.1032624318e-02 +7.4215929533e-03 +1.8307919817e-02 +5.0165191529e-03 
408000 -7.0105574487e-02 -6.6342594225e-03 -1.5714866692e-02 +9.5831548687e-03 
409000 -1.9107624677e-02 -6.2978005224e-03 -3.7158511118e-02 +6.4905635888e-03 
410000 +7.3347900667e-02 +7.7160967158e-03 -2.8859275948e-02 -1.8061835660e-03 
411000 +6.2140565880e-03 +4.9386597687e-03 +2.5470645488e-03 -8.6525250146e-03 
412000 -7.4476714475e-02 -8.5764245103e-03 +3.1916299326e-02 -8.5715455971e-03 
413000 +6.4511402704e-03 -3.4799738850e-03 +3.5744679199e-02 -1.6367933953e-03 
414000 +7.3310317081e-02 +9.1724706028e-03 +1.0953621859e-02 +6.6186305094e-03 
415000 -1.9343634446e-02 +1.8692234786e-03 -2.2600975817e-02 +9.5631839135e-03 
416000 -7.0030397909e-02 -9.5026127883e-03 -3.8071312041e-02 +4.8626595526e-03 
417000 +3.1252900521e-02 -2.4836642178e-04 -2.3072383178e-02 -3.7342219998e-03 
418000 +6.4538705532e-02 +9.5358153585e-03 +1.0404381484e-02 -9.3439896224e-03 
419000 -4.2603479864e-02 -1.4215518284e-03 +3.5538387748e-02 -7.4634274509e-03 
420000 -5.7286036774e-02 -9.3025154487e-03 +3.2241641957e-02 +3.7727310601e-04 
421000 +5.2344323435e-02 +3.0119062781e-03 +3.1329059320e-03 +7.9294664660e-03 
422000 +4.8082293859e-02 +8.7645542921e-03 -2.8485346471e-02 +9.1240433317e-03 
423000 -6.0803668927e-02 -4.5431253636e-03 -3.7285814161e-02 +3.0151986509e-03 
424000 -3.7747646599e-02 -7.9995024322e-03 -1.6262256511e-02 -5.4995437040e-03 
425000 +6.7209347389e-02 +5.9128423603e-03 +1.7792158621e-02 -9.6256342758e-03 
426000 +2.5912655519e-02 +6.9527223606e-03 +3.7593240710e-02 -6.0296418257e-03 
427000 -7.1789789879e-02 -7.1262712347e-03 +2.7293390434e-02 +2.3815903254e-03 
428000 -1.3728239169e-02 -5.7474163730e-03 -4.8354630087e-03 +8.8910148576e-03 
429000 +7.4076162821e-02 +8.1100217405e-03 -3.3110004639e-02 +8.2874436081e-03 
430000 +6.7777806337e-04 +4.3169656995e-03 -3.4859614047e-02 +1.0370438304e-03 
431000 -7.4269117405e-02 -8.8659624579e-03 -8.7072534674e-03 -7.0292033431e-03 
432000 +1.1925402444e-02 -2.8122825736e-03 +2.4407159302e-02 -9.4821483598e-03 
433000 +7.2129440563e-02 +9.3428357176e-03 +3.7994433666e-02 -4.3370640763e-03 
434000 -2.4623190358e-02 +1.1699661155e-03 +2.1146147616e-02 +4.2809350729e-03 
435000 -6.7955887918e-02 -9.5561743433e-03 -1.2621012434e-02 +9.4652971437e-03 
436000 +3.6170106986e-02 +4.5836352818e-04 -3.6287822017e-02 +7.0850402599e-03 
437000 +6.1603127787e-02 +9.4647499502e-03 -3.0906951434e-02 -9.7935581734e-04 
438000 -4.6996826394e-02 -2.1160103966e-03 -7.7198084057e-04 -8.2506243180e-03 
439000 -5.3597430789e-02 -9.1138829668e-03 +2.9976119748e-02 -8.9224319269e-03 
440000 +5.6124008290e-02 +3.6756181219e-03 +3.6734304748e-02 -2.4540789693e-03 
441000 +4.3749323079e-02 +8.4609572741e-03 +1.4081271189e-02 +5.9856282977e-03 
442000 -6.3801846778e-02 -5.1520692303e-03 -1.9847271034e-02 +9.6236721191e-03 
443000 -3.2886000644e-02 -7.5898765473e-03 -3.7892916343e-02 +5.5699794147e-03 
444000 +6.9406584214e-02 +6.4553636608e-03 -2.5605595301e-02 -2.9510398698e-03 
445000 +2.0690985261e-02 +6.4510013988e-03 +7.1813196632e-03 -9.1047265377e-03 
446000 -7.3052660734e-02 -7.5783066654e-03 +3.4219627406e-02 -7.9687198717e-03 
447000 -8.2669151471e-03 -5.1641116282e-03 +3.3877481188e-02 -4.6208675682e-04 
448000 +7.4426053091e-02 +8.4653181784e-03 +6.4080393092e-03 +7.4257957588e-03 
449000 -4.8273146044e-03 +3.6748527696e-03 -2.6182937854e-02 +9.3555839376e-03 
450000 -7.3651977739e-02 -9.1068773444e-03 -3.7820139620e-02 +3.8063887040e-03 
451000 +1.7342349187e-02 -2.1248170988e-03 -1.9193531834e-02 -4.7929381787e-03 
452000 +7.0578527660e-02 +9.4662128553e-03 +1.4809374399e-02 -9.5592206279e-03 
453000 -2.9767111191e-02 +4.6348530926e-04 +3.6939150241e-02 -6.6609527182e-03 
454000 -6.5524658050e-02 -9.5565267412e-03 +2.9515009534e-02 +1.5542542289e-03 
455000 +4.0896742420e-02 +1.1664268204e-03 -1.5343072821e-03 +8.5387898801e-03 
456000 +5.8326685710e-02 +9.3406170594e-03 -3.1361467558e-02 +8.6794166513e-03 
457000 -5.1163933737e-02 -2.8017362138e-03 -3.6063157669e-02 +1.8702570723e-03 
458000 -4.9630614532e-02 -8.8737855865e-03 -1.1918708750e-02 -6.4265834469e-03 
459000 +5.9590869184e-02 +4.3184695109e-03 +2.1776453975e-02 -9.5937657341e-03 
460000 +3.9141423371e-02 +8.1056423138e-03 +3.8033670727e-02 -5.0650268085e-03 
461000 -6.6484860721e-02 -5.7346372805e-03 +2.3831216047e-02 +3.5086006052e-03 
462000 -2.7851066525e-02 -7.1387214227e-03 -9.4283977569e-03 +9.2763435542e-03 
463000 +7.1198199378e-02 +6.9570169596e-03 -3.5155473164e-02 +7.6244802464e-03 
464000 +1.5315651850e-02 +5.9092563648e-03 -3.2724703858e-02 -1.4381715936e-04 
465000 -7.3926216487e-02 -7.9889465453e-03 -4.0947519758e-03 -7.7834963829e-03 
466000 -2.7641530681e-03 -4.5555960940e-03 +2.7803749703e-02 -9.2047168608e-03 
467000 +7.4336529593e-02 +8.7683898026e-03 +3.7456032216e-02 -3.2517955106e-03 
468000 -1.0317708585e-02 +3.0121274735e-03 +1.7107561352e-02 +5.3060078608e-03 
469000 -7.2617078869e-02 -9.2978888490e-03 -1.6932423871e-02 +9.6095533796e-03 
470000 +2.2658521766e-02 -1.4298285310e-03 -3.7419434173e-02 +6.2325106415e-03 
471000 +6.8630036326e-02 +9.5365327350e-03 -2.7953648284e-02 -2.1451233149e-03 
472000 -3.4722279285e-02 -2.4262531785e-04 +3.8987110702e-03 -8.7967862850e-03 
473000 -6.2713419173e-02 -9.5053795858e-03 +3.2629988097e-02 -8.4115801558e-03 
474000 +4.5398525621e-02 +1.8670288320e-03 +3.5245838845e-02 -1.2951006451e-03 
475000 +5.4754276635e-02 +9.1694751077e-03 +9.6428884308e-03 +6.8646066633e-03 
476000 -5.5011101298e-02 -3.4692542921e-03 -2.3679038674e-02 +9.5186013527e-03 
477000 -4.5379820599e-02 -8.5854132029e-03 -3.8054985770e-02 +4.5653172574e-03 
478000 +6.2745684226e-02 +4.9414801941e-03 -2.1967172154e-02 -4.0514549631e-03 
479000 +3.4360066137e-02 +7.7113318378e-03 +1.1706862677e-02 -9.4197714154e-03 
480000 -6.8782306901e-02 -6.2850495782e-03 +3.6005356966e-02 -7.2452889195e-03 
481000 -2.2660105421e-02 -6.6462956468e-03 +3.1498353802e-02 +7.1965698551e-04 
482000 +7.2624968859e-02 +7.4263273531e-03 +1.7668404867e-03 +8.1211443678e-03 
483000 +9.8798553870e-03 +5.3370982703e-03 -2.9369852327e-02 +9.0070429168e-03 
484000 -7.4403368101e-02 -8.3562460853e-03 -3.6996931937e-02 +2.6923427990e-03 
485000 +2.7562593480e-03 -3.9180723869e-03 -1.5024054399e-02 -5.7794562561e-03 
486000 +7.3853649834e-02 +9.0258836907e-03 +1.8990422200e-02 -9.6305255469e-03 
487000 -1.5765976426e-02 +2.3305385403e-03 +3.7782886686e-02 -5.7581867226e-03 
488000 -7.1207874368e-02 -9.4377406076e-03 +2.6341529545e-02 +2.7081032467e-03 
489000 +2.7851335986e-02 -7.2465972419e-04 -6.1796861212e-03 +9.0194425971e-03 
490000 +6.6288841837e-02 +9.5513284661e-03 -3.3764412177e-02 +8.1041520986e-03 
491000 -3.9526035746e-02 -9.5103859588e-04 -3.4296939391e-02 +6.9731127142e-04 
492000 -5.9575468601e-02 -9.4014663293e-03 -7.3936805170e-03 -7.2569676650e-03 
493000 +4.9640836284e-02 +2.5550005917e-03 +2.5433739803e-02 -9.4173054998e-03 
494000 +5.0841410543e-02 +8.9419398963e-03 +3.7900633398e-02 -4.0242820986e-03 
495000 -5.8586704001e-02 -4.1194659934e-03 +2.0010225482e-02 +4.5824441972e-03 
496000 -4.0883786225e-02 -8.2508151762e-03 -1.3880837988e-02 +9.5220168974e-03 
497000 +6.5531932979e-02 +5.5314910558e-03 -3.6672176592e-02 +6.8465655741e-03 
498000 +2.9357779280e-02 +7.2710010719e-03 -3.0096665787e-02 -1.3222437647e-03 
499000 -7.0702095027e-02 -6.8005779831e-03 +5.7863417037e-04 -8.4201159012e-03 
500000 -1.7342941306e-02 -6.1205031526e-03 +3.0782647976e-02 -8.7886869636e-03 
501000 +7.3630992895e-02 +7.8504587980e-03 +3.6354068969e-02 -2.1174250767e-03 
502000 +4.3931022513e-03 +4.7368806068e-03 +1.2811604127e-02 +6.2507637145e-03 
503000 -7.4448731060e-02 -8.6771410565e-03 -2.0987338653e-02 +9.6085977666e-03 
504000 +8.2627370419e-03 -3.2619651565e-03 -3.7988205826e-02 +5.2861554727e-03 
505000 +7.2967959238e-02 +9.2348704946e-03 -2.4579871047e-02 -3.2787003698e-03 
506000 -2.1091485525e-02 +1.6401964212e-03 +8.5097709441e-03 -9.2099481018e-03 
507000 -6.9384796141e-02 -9.5260906199e-03 +3.4790394761e-02 -7.7736191935e-03 
508000 +3.2896950371e-02 -1.4776232015e-05 +3.3227101911e-02 -1.1666960639e-04 
509000 +6.3615300376e-02 +9.5191875919e-03 +5.0598749742e-03 +7.6402900664e-03 
510000 -4.4074786639e-02 -1.6513599169e-03 -2.7152692370e-02 +9.2696273385e-03 
511000 -5.6102654134e-02 -9.2457411228e-03 -3.7641599547e-02 +3.4915986479e-03 
512000 +5.3627361793e-02 +3.2337930282e-03 -1.7998441427e-02 -5.0907989136e-03 
513000 +4.6685978775e-02 +8.6702507546e-03 +1.6055399016e-02 -9.5930184138e-03 
514000 -6.1830945251e-02 -4.7470306268e-03 +3.7246956447e-02 -6.4122609032e-03 
515000 -3.6166528985e-02 -7.8686791066e-03 +2.8642514329e-02 +1.8907228261e-03 
516000 +6.7978429392e-02 +6.0961997075e-03 -2.9003731888e-03 +8.6941387644e-03 
517000 +2.4203463240e-02 +6.7910412258e-03 -3.2113724799e-02 +8.5229383898e-03 
518000 -7.2254901032e-02 -7.2800230719e-03 -3.5614585706e-02 +1.5374176510e-03 
519000 -1.1934474933e-02 -5.5579374736e-03 -1.0626205990e-02 -6.6789806993e-03 
520000 +7.4235679065e-02 +8.2319938255e-03 +2.2884798206e-02 -9.5567611510e-03 
521000 -1.1456356825e-03 +4.1068481023e-03 +3.8057036305e-02 -4.7688699999e-03 
522000 -7.4114771362e-02 -8.9509187731e-03 +2.2769618172e-02 +3.8213275747e-03 
523000 +1.3719776221e-02 -2.5872064946e-03 -1.0733739939e-02 +9.3642341425e-03 
524000 +7.1655941718e-02 +9.3882795856e-03 -3.5658184101e-02 +7.4068390177e-03 
525000 -2.6342695214e-02 +9.3691163033e-04 -3.2014037410e-02 -4.8582282886e-04 
526000 -6.7195724459e-02 -9.5621421770e-03 -2.7560361438e-03 -7.9780870674e-03 
527000 +3.7750033375e-02 +6.9159992262e-04 +2.8709352804e-02 -9.0989511935e-03 
528000 +6.0553203085e-02 +9.4286998482e-03 +3.7196273620e-02 -2.9229971319e-03 
529000 -4.8402347314e-02 -2.3436666844e-03 +1.5888345664e-02 +5.5868002245e-03 
530000 -5.2319218353e-02 -9.0404592704e-03 -1.8124961421e-02 +9.6242529685e-03 
531000 +5.7299909622e-02 +3.8892850996e-03 -3.7637649840e-02 +5.9654476881e-03 
532000 +4.2253743176e-02 +8.3488022295e-03 -2.7015152096e-02 -2.4805897040e-03 
533000 -6.4722259346e-02 -5.3472363491e-03 +5.2420778400e-03 -8.9293358155e-03 
534000 -3.1242335053e-02 -7.4459714999e-03 +3.3298219608e-02 -8.2402713858e-03 
535000 +7.0040203960e-02 +6.6248725124e-03 +3.4705482029e-02 -9.5105728750e-04 
536000 +1.8934076044e-02 +6.2767875186e-03 +8.3229523806e-03 +7.1010966686e-03 
537000 -7.3380067979e-02 -7.7182996067e-03 -2.4724226498e-02 +9.4623224645e-03 
538000 -6.4542107755e-03 -4.9664124537e-03 -3.7984838266e-02 +4.2602066671e-03 
539000 +7.4446021728e-02 +8.5713640648e-03 -2.0836728944e-02 -4.3630132460e-03 
540000 -6.6358058694e-03 +3.4590123175e-03 +1.2991902407e-02 -9.4840313049e-03 
541000 -7.3352544767e-02 -9.1754320681e-03 +3.6424366100e-02 -7.0180549292e-03 
542000 +1.9109657838e-02 -1.8960736858e-03 +3.0707833055e-02 +1.0634573554e-03 
543000 +6.9984284005e-02 +9.4961897650e-03 +4.0148949998e-04 +8.3010191158e-03 
544000 -3.1417942216e-02 +2.3082361799e-04 -3.0216216390e-02 +8.8806613256e-03 
545000 -6.4637286250e-02 -9.5452883530e-03 -3.6658602334e-02 +2.3649131336e-03 
546000 +4.2410290273e-02 +1.3992883833e-03 -1.3758593225e-02 -6.0533866371e-03 
547000 +5.7185576749e-02 +9.2901059364e-03 +2.0161284733e-02 -9.6219061296e-03 
548000 -5.2467975692e-02 -3.0241043222e-03 +3.7926189426e-02 -5.4823542802e-03 
549000 -4.8259530117e-02 -8.7836257757e-03 +2.5352662807e-02 +3.0335374661e-03 
550000 +6.0669747847e-02 +4.5271140010e-03 -7.5238086472e-03 +9.1361014691e-03 
551000 +3.7583285011e-02 +7.9798198721e-03 -3.4373176068e-02 +7.9106291783e-03 
552000 -6.7289473206e-02 -5.9201364077e-03 -3.3694541479e-02 +3.5918277683e-04 
553000 -2.6155779028e-02 -6.9803054770e-03 -6.0659787644e-03 -7.4780167463e-03 
554000 +7.1709947002e-02 +7.1156109692e-03 +2.6434271856e-02 -9.3389785702e-03 
555000 +1.3523237367e-02 +5.7231019627e-03 +3.7757513394e-02 -3.7079819064e-03 
556000 -7.4132410402e-02 -8.1151397464e-03 +1.8853828217e-02 +4.8769914500e-03 
557000 -9.4461561042e-04 -4.3482685982e-03 -1.5128071221e-02 +9.5680208377e-03 
558000 +7.4216861737e-02 +8.8576991210e-03 -3.7014610402e-02 +6.5979066146e-03 
559000 -1.2127610057e-02 +2.7885364671e-03 -2.9248958959e-02 -1.6612441316e-03 
560000 -7.2195671926e-02 -9.3497496281e-03 +1.9235231275e-03 -8.5789265825e-03 
561000 +2.4384791852e-02 -1.1987005635e-03 +3.1554119200e-02 -8.6435481917e-03 
562000 +6.7894883269e-02 +9.5466333149e-03 +3.5931469518e-02 -1.7776672744e-03 
563000 -3.6328110943e-02 -4.7642624031e-04 +1.1527832296e-02 +6.5064648659e-03 
564000 -6.1712993249e-02 -9.4770740156e-03 -2.2095943668e-02 +9.5813824238e-03 
565000 +4.6825302984e-02 +2.0947403029e-03 -3.8037501124e-02 +4.9944496459e-03 
566000 +5.3497348052e-02 +9.1002795162e-03 -2.3526745713e-02 -3.6015241162e-03 
567000 -5.6219227777e-02 -3.6855876602e-03 +9.8251530516e-03 -9.3034194718e-03 
568000 -4.3920915408e-02 -8.4804147395e-03 +3.5311673643e-02 -7.5676324251e-03 
569000 +6.3705148167e-02 +5.1395740566e-03 +3.2535248763e-02 +2.2969125590e-04 
570000 +3.2736011189e-02 +7.5715466300e-03 +3.7092578552e-03 +7.8443421068e-03 
571000 -6.9452663625e-02 -6.4588387901e-03 -2.8086641540e-02 +9.1728764127e-03 
572000 -2.0917364149e-02 -6.4766040196e-03 -3.7408521462e-02 +3.1700537554e-03 
573000 +7.3006058384e-02 +7.5718611437e-03 -1.6780740568e-02 -5.3816908707e-03 
574000 +8.0806762004e-03 +5.1428240662e-03 +1.7277703327e-02 -9.6150761635e-03 
575000 -7.4462476787e-02 -8.4672377751e-03 +3.7507186210e-02 -6.1562271756e-03 
576000 +4.5769374575e-03 -3.7031916900e-03 +2.7725187531e-02 +2.2275360875e-03 
577000 +7.3611075316e-02 +9.1012114822e-03 -4.2619837741e-03 +8.8368176991e-03 
578000 -1.7532951878e-02 +2.1039896121e-03 -3.2823745355e-02 +8.3577500170e-03 
579000 -7.0651755365e-02 -9.4725447029e-03 -3.5120769902e-02 +1.2022027955e-03 
580000 +2.9535257020e-02 -4.9006645825e-04 -9.3107835971e-03 -6.9247242034e-03 
581000 +6.5446984634e-02 +9.5464917320e-03 +2.3962591940e-02 -9.5059909481e-03 
582000 -4.1056739384e-02 -1.1833030899e-03 +3.8033277002e-02 -4.4697747539e-03 
583000 -5.8468125795e-02 -9.3555537894e-03 +2.1678398683e-02 +4.1309079475e-03 
584000 +5.0986734328e-02 +2.7806539758e-03 -1.2034445198e-02 +9.4403602809e-03 
585000 +4.9495241564e-02 +8.8568566947e-03 -3.6114132052e-02 +7.1793407479e-03 
586000 -5.9699487268e-02 -4.3295221390e-03 -3.1266332732e-02 -8.2441331192e-04 
587000 -3.9352849753e-02 -8.1296690852e-03 -1.4121715564e-03 -8.1645486291e-03 
588000 +6.6376034408e-02 +5.7204818438e-03 +2.9585916063e-02 -8.9804262260e-03 
589000 +2.7667050541e-02 +7.1161269401e-03 +3.6888825628e-02 -2.5915083913e-03 
590000 -7.1260148791e-02 -6.9630465608e-03 +1.4653886501e-02 +5.8589989401e-03 
591000 -1.5568665242e-02 -5.9389798362e-03 -1.9296339434e-02 +9.6277594620e-03 
592000 +7.3870646430e-02 +7.9802313787e-03 -3.7813715566e-02 +5.6894896722e-03 
593000 +2.5643969316e-03 +4.5315800403e-03 -2.6043368153e-02 -2.8112450397e-03 
594000 -7.4381603866e-02 -8.7727674966e-03 +6.5736746174e-03 -9.0502563097e-03 
595000 +1.0068519540e-02 -3.0418880543e-03 +3.3925027087e-02 -8.0579942267e-03 
596000 +7.2577342212e-02 +9.2908737347e-03 +3.4125639525e-02 -6.0547186572e-04 
597000 -2.2834360966e-02 +1.4094642110e-03 +6.9943712539e-03 +7.3275914756e-03 
598000 -6.8700512626e-02 -9.5438883669e-03 -2.5733091105e-02 +9.3938950901e-03 
599000 +3.4519072569e-02 +2.1815924305e-04 -3.7865559041e-02 +3.9482479015e-03 
600000 +6.2646767704e-02 +9.4957686487e-03 -1.9684252006e-02 -4.6682627989e-03 
601000 -4.5523605313e-02 -1.8803867228e-03 +1.4258863880e-02 -9.5367489935e-03 
602000 -5.4885345065e-02 -9.1836735147e-03 +3.6791805329e-02 -6.7807762352e-03 
603000 +5.4874821606e-02 +3.4527401424e-03 +2.9875938951e-02 +1.4069764266e-03 
604000 +4.5258076834e-02 +8.5703711245e-03 -9.5985458611e-04 +8.4694348724e-03 
605000 -6.2818836703e-02 -4.9478709497e-03 -3.1024046657e-02 +8.7446471517e-03 
606000 -3.4562288033e-02 -7.7336352614e-03 -3.6267102394e-02 +2.0320245850e-03 
607000 +6.8704948091e-02 +6.2754594849e-03 -1.2472911395e-02 -6.3193288017e-03 
608000 +2.2483073905e-02 +6.6258416818e-03 +2.1302640535e-02 -9.6012664244e-03 
609000 -7.2671129923e-02 -7.4291982242e-03 +3.8022748212e-02 -5.2011542093e-03 
610000 -1.0132369433e-02 -5.3654139448e-03 +2.4323327044e-02 +3.3580948398e-03 
611000 +7.4353440545e-02 +8.3496146284e-03 -8.8603651808e-03 +9.2395586735e-03 
612000 -2.9606545015e-03 +3.8951414108e-03 -3.4936191315e-02 +7.7089481056e-03 
613000 -7.3912104585e-02 -9.0304831658e-03 -3.3051569767e-02 +2.1023467003e-05 
614000 +1.5507536758e-02 -2.3601809621e-03 -4.7213234356e-03 -7.6917247823e-03 
615000 +7.1145923296e-02 +9.4292296450e-03 +2.7402113143e-02 -9.2469671836e-03 
616000 -2.8040728040e-02 +7.0373447673e-04 +3.7566959329e-02 -3.3899642946e-03 
617000 -6.6395187721e-02 -9.5623022728e-03 +1.7675460884e-02 +5.1662631771e-03 
618000 +3.9310091037e-02 +9.2535807746e-04 -1.6364946948e-02 +9.6023516038e-03 
619000 +5.9472060342e-02 +9.3876957676e-03 -3.7310408752e-02 +6.3400378008e-03 
620000 -4.9779597324e-02 -2.5700895888e-03 -2.8367035357e-02 -1.9953502133e-03 
621000 -5.1011703585e-02 -8.9612799679e-03 +3.2646550395e-03 -8.7282021072e-03 
622000 +5.8443741310e-02 +4.1013025694e-03 +3.2292792972e-02 -8.4865088900e-03 
623000 +4.0731767557e-02 +8.2313585105e-03 +3.5464078302e-02 -1.4362109279e-03 
624000 -6.5609657410e-02 -5.5395745440e-03 +1.0233671453e-02 +6.7523720550e-03 
625000 -2.9581758753e-02 -7.2972515013e-03 -2.3175264222e-02 +9.5425336669e-03 
626000 +7.0630601993e-02 +6.7901434603e-03 -3.8043929054e-02 +4.6952587638e-03 
627000 +1.7158969547e-02 +6.0979173207e-03 -2.2445531364e-02 -3.9185702268e-03 
628000 -7.3669112952e-02 -7.8538564689e-03 +1.1123685060e-02 -9.3848042912e-03 
629000 -4.6389115538e-03 -4.7658821918e-03 +3.5785872831e-02 -7.3511151307e-03 
630000 +7.4415938373e-02 +8.6712083272e-03 +3.1806376705e-02 +5.7596680622e-04 
631000 -8.4473359695e-03 +3.2404290828e-03 +2.3561633869e-03 +8.0378929056e-03 
632000 -7.3010794309e-02 -9.2385477273e-03 -2.8980901643e-02 +9.0644635898e-03 
633000 +2.0863665901e-02 -1.6669669687e-03 -3.7123957754e-02 +2.8426300125e-03 
634000 +6.9342205112e-02 +9.5195288644e-03 -1.5545851994e-02 -5.6647988599e-03 
635000 -3.3051407443e-02 -1.9712918831e-06 +1.8476607820e-02 -9.6259053217e-03 
636000 -6.3709310165e-02 -9.5285420521e-03 +3.7715618678e-02 -5.8914296356e-03 
637000 +4.3896282318e-02 +1.6304878529e-03 +2.6767209230e-02 +2.5630173024e-03 
638000 +5.6009182056e-02 +9.2340048972e-03 -5.6138641621e-03 +8.9670497707e-03 
639000 -5.3735873667e-02 -3.2442417900e-03 -3.3492496807e-02 +8.1841918580e-03 
640000 -4.6857017242e-02 -8.6885482828e-03 -3.4577121325e-02 +8.6316288692e-04 
641000 +6.1712288166e-02 +4.7329728000e-03 -7.9777919077e-03 -7.1617437214e-03 
642000 +3.6008126239e-02 +7.8500534406e-03 +2.5006026904e-02 -9.4429270807e-03 
643000 -6.8047491890e-02 -6.1017766892e-03 +3.7963717081e-02 -4.1673356633e-03 
644000 -2.4443264453e-02 -6.8177603325e-03 +2.0552907178e-02 +4.4381783146e-03 
645000 +7.2182685723e-02 +7.2708028563e-03 -1.3324668379e-02 +9.5031090533e-03 
646000 +1.1730507190e-02 +5.5344124297e-03 -3.6521814388e-02 +6.9441646961e-03 
647000 -7.4291378807e-02 -8.2364260379e-03 -3.0482726719e-02 -1.1607186210e-03 
648000 +8.7679121436e-04 -4.1377794213e-03 -5.8827026420e-05 -8.3428912843e-03 
649000 +7.4058593222e-02 +8.9427889584e-03 +3.0428263977e-02 -8.8486644762e-03 
650000 -1.3926641425e-02 +2.5635152136e-03 +3.6534474371e-02 -2.2593344570e-03 
651000 -7.1732699987e-02 -9.3959706493e-03 +1.3404807360e-02 +6.1239000977e-03 
652000 +2.6098165702e-02 -9.6600594421e-04 -2.0450537949e-02 +9.6196795307e-03 
653000 +6.7121809203e-02 +9.5513761176e-03 -3.7944157627e-02 +5.4052820316e-03 
654000 -3.7915499047e-02 -7.1034194621e-04 -2.5040648644e-02 -3.1358421717e-03 
655000 -6.0678997884e-02 -9.4428727319e-03 +7.8933205728e-03 -9.1603947206e-03 
656000 +4.8224682306e-02 +2.3215531438e-03 +3.4514532772e-02 -7.8647015291e-03 
657000 +5.2204774249e-02 +9.0249928025e-03 +3.3504838372e-02 -2.5939676732e-04 
658000 -5.7400636607e-02 -3.9002081494e-03 +5.6601724290e-03 +7.5435116751e-03 
659000 -4.2437996063e-02 -8.3701865649e-03 -2.6705653832e-02 +9.3135589834e-03 
660000 +6.4623827060e-02 +5.3339904677e-03 -3.7702144551e-02 +3.6302144718e-03 
661000 +3.1084715915e-02 +7.4262196882e-03 -1.8509662535e-02 -4.9666542104e-03 
662000 -7.0086216088e-02 -6.6289536938e-03 +1.5504569610e-02 -9.5774007795e-03 
663000 -1.9163092525e-02 -6.3033581774e-03 +3.7107875588e-02 -6.5335201424e-03 
664000 +7.3337987144e-02 +7.7117294411e-03 +2.9008933215e-02 +1.7488440442e-03 
665000 +6.2712708389e-03 +4.9449677486e-03 -2.3170192364e-03 +8.6268048491e-03 
666000 -7.4476725427e-02 -8.5731636462e-03 -3.1790006125e-02 +8.5979364406e-03 
667000 +6.3939354228e-03 -3.4868536847e-03 -3.5823165652e-02 +1.6942420545e-03 
668000 +7.3320310829e-02 +9.1704040655e-03 -1.1174142819e-02 -6.5761343285e-03 
669000 -1.9288093699e-02 +1.8764573662e-03 +2.2415084243e-02 -9.5696988673e-03 
670000 -7.0049844708e-02 -9.5017874221e-03 +3.8068786638e-02 -4.9128947844e-03 
671000 +3.1200775302e-02 -2.5573975910e-04 +2.3255255923e-02 +3.6803817381e-03 
672000 +6.4567436072e-02 +9.5362922203e-03 -1.0182481641e-02 +9.3297282235e-03 
673000 -4.2556279460e-02 -1.4142610160e-03 -3.5455195408e-02 +7.5001190149e-03 
674000 -5.7322666099e-02 -9.3042207535e-03 -3.2363681571e-02 -3.1899967869e-04 
675000 +5.2303515794e-02 +3.0049202365e-03 -3.3625427916e-03 -7.8962076131e-03 
676000 +4.8126267706e-02 +8.7675014112e-03 +2.8331982174e-02 -9.1425018155e-03 
677000 -6.0770477314e-02 -4.5366452295e-03 +3.7331524840e-02 -3.0705163589e-03 
678000 -3.7797115588e-02 -8.0035325954e-03 +1.6470435486e-02 +5.4515771812e-03 
679000 +6.7184712505e-02 +5.9070656037e-03 -1.7588116386e-02 +9.6234455189e-03 
680000 +2.5966531900e-02 +6.9577749050e-03 -3.7556729128e-02 +6.0749931373e-03 
681000 -7.1774534922e-02 -7.1213632926e-03 -2.7453621714e-02 -2.3250519824e-03 
682000 -1.3784660637e-02 -5.7532973893e-03 +4.6067007344e-03 -8.8684668390e-03 
683000 +7.4070582521e-02 +8.1061278086e-03 +3.2995853019e-02 -8.3170156098e-03 
684000 +7.3510769395e-04 +4.3235231702e-03 +3.4951459406e-02 -1.0949956697e-03 
685000 -7.4273533995e-02 -8.8632015475e-03 +8.9315681070e-03 +6.9892327845e-03 
686000 +1.1868718439e-02 -2.8193273595e-03 -2.4229859765e-02 +9.4921326535e-03 
687000 +7.2143536604e-02 +9.3412835889e-03 -3.8006144403e-02 +4.3890705085e-03 
688000 -2.4569154573e-02 +1.1772613755e-03 -2.1337426585e-02 -4.2286314525e-03 
689000 -6.7979391493e-02 -9.5558897113e-03 +1.2403228339e-02 -9.4544742747e-03 
690000 +3.6119866745e-02 +4.5098511560e-04 +3.6217828138e-02 -7.1244210149e-03 
691000 +6.1635247124e-02 +9.4657336403e-03 +3.1040837695e-02 +9.2131240866e-04 
692000 -4.6952387114e-02 -2.1088330310e-03 +1.0024599523e-03 +8.2204291999e-03 
693000 -5.3637243927e-02 -9.1161169645e-03 -2.9833427581e-02 +8.9441698944e-03 
694000 +5.6086188350e-02 +3.6687900206e-03 -3.6793659255e-02 +2.5104494001e-03 
695000 +4.3795721688e-02 +8.4643723165e-03 -1.4295153563e-02 -5.9398401449e-03 
696000 -6.3772214594e-02 -5.1458612276e-03 +1.9650164333e-02 -9.6250836085e-03 
697000 -3.2937459095e-02 -7.5943687501e-03 +3.7870237718e-02 -5.6174432596e-03 
698000 +6.9385743200e-02 +6.4499137687e-03 +2.5775589346e-02 +2.8954492647e-03 
699000 +2.0746195430e-02 +6.4564437855e-03 -6.9548180401e-03 +9.0856132807e-03 
700000 -7.3041378228e-02 -7.5738104731e-03 -3.4117955681e-02 +8.0012926196e-03 
701000 -8.3239509260e-03 -5.1703235700e-03 -3.3981947081e-02 +5.2033457676e-04 
702000 +7.4424739442e-02 +8.4619043315e-03 -6.6351036124e-03 -7.3885106943e-03 
703000 -4.7698915025e-03 +3.6816653616e-03 +2.6015162512e-02 -9.3691553224e-03 
704000 -7.3660451966e-02 -9.1046287269e-03 +3.7845918643e-02 -3.8598760338e-03 
705000 +1.7286522079e-02 -2.1320024972e-03 +1.9392227830e-02 +4.7422567798e-03 
706000 +7.0596898382e-02 +9.4652341931e-03 -1.4596789736e-02 +9.5519916398e-03 
707000 -2.9714388595e-02 +4.7084764191e-04 -3.6882944908e-02 +6.7029269009e-03 
708000 -6.5551920315e-02 -9.5567885878e-03 -2.9660129153e-02 -1.4966810647e-03 
709000 +4.0848786927e-02 +1.1591219790e-03 +1.3039817858e-03 -8.5116517950e-03 
710000 +5.8362470226e-02 +9.3421725563e-03 +3.1230346264e-02 -8.7045138676e-03 
711000 -5.1122226177e-02 -2.7946986692e-03 +3.6136228566e-02 -1.9274183286e-03 
712000 -4.9673416805e-02 -8.8765241541e-03 +1.2137482571e-02 +6.3830466232e-03 
713000 +5.9556480442e-02 +4.3119029968e-03 -2.1587068844e-02 +9.5987316974e-03 
714000 +3.9190266935e-02 +8.1095352692e-03 -3.8025325845e-02 +5.1145310758e-03 
715000 -6.6459077840e-02 -5.7287501067e-03 -2.4010563912e-02 -3.4542396039e-03 
716000 -2.7904310591e-02 -7.1436176878e-03 +9.2048533220e-03 -9.2605572899e-03 
717000 +7.1181428153e-02 +6.9519588537e-03 +3.5066702455e-02 -7.6599879968e-03 
718000 +1.5371728326e-02 +5.9150275142e-03 +3.2841767389e-02 +8.5508435139e-05 
719000 -7.3919319735e-02 -7.9848999374e-03 +4.3239180339e-03 +7.7490386605e-03 
720000 -2.8215347723e-03 -4.5620800258e-03 -2.7645827921e-02 +9.2216641104e-03 
721000 +7.4339356146e-02 +8.7654430057e-03 -3.7495848499e-02 +3.3066495636e-03 
722000 -1.0260984457e-02 +3.0191037202e-03 -1.7313163916e-02 -5.2572584908e-03 
723000 -7.2629822894e-02 -9.2961643516e-03 +1.6725582673e-02 -9.6058423202e-03 
724000 +2.2603784717e-02 -1.4371345340e-03 +3.7376866560e-02 -6.2768626236e-03 
725000 +6.8652173387e-02 +9.5360607374e-03 +2.8109507399e-02 +2.0882176923e-03 
726000 -3.4671544101e-02 -2.3526440883e-04 -3.6693195448e-03 +8.7729392176e-03 
727000 -6.2744312604e-02 -9.5061893514e-03 -3.2510588308e-02 +8.4397889678e-03 
728000 +4.5352943143e-02 +1.8597780459e-03 -3.5332023614e-02 +1.3528857313e-03 
729000 +5.4793166832e-02 +9.1715452697e-03 -9.8656849005e-03 -6.8235843531e-03 
730000 -5.4972344861e-02 -3.4623850626e-03 +2.3498094347e-02 -9.5271564304e-03 
731000 -4.5425266125e-02 -8.5886644072e-03 +3.8060615736e-02 -4.6165738259e-03 
732000 +6.2714734564e-02 +4.9351618119e-03 +2.2154945497e-02 +3.9984510475e-03 
733000 +3.4411105194e-02 +7.7156953364e-03 -1.1487318901e-02 +9.4075518499e-03 
734000 -6.8760176500e-02 -6.2794936651e-03 -3.5929838123e-02 +7.2835513054e-03 
735000 -2.2714753139e-02 -6.6515975118e-03 -3.1627233155e-02 -6.6148725193e-04 
736000 +7.2612390328e-02 +7.4216987737e-03 -1.9970301777e-03 -8.0896325138e-03 
737000 +9.9369053435e-03 +5.3432222596e-03 +2.9222720257e-02 -9.0274644667e-03 
738000 -7.4400552509e-02 -8.3526634263e-03 +3.7050623319e-02 -2.7482744001e-03 
739000 +2.6989046146e-03 -3.9247899628e-03 +1.5235586159e-02 +5.7326970078e-03 
740000 +7.3860925793e-02 +9.0234854755e-03 -1.8790352792e-02 +9.6304383217e-03 
741000 -1.5709797708e-02 +2.3376839056e-03 -3.7754511470e-02 +5.8048086598e-03 
742000 -7.1224719495e-02 -9.4365508781e-03 -2.6507536069e-02 -2.6520996859e-03 
743000 +2.7798105885e-02 -7.3199864626e-04 +5.9521373049e-03 -8.9988339148e-03 
744000 +6.6315023345e-02 +9.5514292400e-03 +3.3657506491e-02 -8.1355103327e-03 
745000 -3.9477437415e-02 -9.4371859464e-04 +3.4396262775e-02 -7.5545196393e-04 
746000 -5.9609940742e-02 -9.4028081362e-03 +7.6197442837e-03 +7.2185179553e-03 
747000 +4.9598044698e-02 +2.5479009889e-03 -2.5261861043e-02 +9.4293512878e-03 
748000 +5.0883307875e-02 +8.9445200963e-03 -3.7920577636e-02 +4.0771937289e-03 
749000 -5.8551387639e-02 -4.1128287710e-03 -2.0205978435e-02 -4.5310824098e-03 
750000 -4.0931771552e-02 -8.2545359652e-03 +1.3665889065e-02 -9.5132311132e-03 
751000 +6.5504638721e-02 +5.5254674943e-03 +3.6610120571e-02 -6.8874742312e-03 
752000 +2.9410419167e-02 +7.2757610533e-03 +3.0237180114e-02 +1.2644565235e-03 
753000 -7.0684140536e-02 -6.7954026092e-03 -3.4808014302e-04 +8.3916924567e-03 
754000 -1.7398768779e-02 -6.1261718357e-03 -3.0646492703e-02 +8.8123422379e-03 
755000 +7.3622451127e-02 +7.8462339892e-03 -3.6421387488e-02 +2.1743005893e-03 
756000 +4.4503129093e-03 +4.7432670467e-03 -1.3028429111e-02 -6.2063028076e-03 
757000 -7.4450211053e-02 -8.6740431780e-03 +2.0794567347e-02 -9.6120558724e-03 
758000 +8.2056555467e-03 -3.2689111354e-03 +3.7973714285e-02 -5.3348105801e-03 
759000 +7.2979252574e-02 +9.2329621851e-03 +2.4755351714e-02 +3.2237895053e-03 
760000 -2.1036424442e-02 +1.6474551231e-03 -8.2849254702e-03 +9.1928076000e-03 
761000 -6.9405567379e-02 -9.5254443670e-03 -3.4696095511e-02 +7.8078745037e-03 
762000 +3.2845396736e-02 -2.2164382470e-05 -3.3338825634e-02 +1.7499871297e-04 
763000 +6.3645154445e-02 +9.5198315924e-03 -5.2882264464e-03 -7.6046511269e-03 
764000 -4.4028416608e-02 -1.6440968402e-03 +2.6990636690e-02 -9.2851955511e-03 
765000 -5.6140324316e-02 -9.2476250551e-03 +3.7675460345e-02 -3.5458758810e-03 
766000 +5.3587514373e-02 +3.2268537217e-03 +1.8201170971e-02 +5.0411804223e-03 
767000 +4.6730835906e-02 +8.6733632783e-03 -1.5846121870e-02 +9.5878758011e-03 
768000 -6.1798837149e-02 -4.7406322760e-03 -3.7198725179e-02 +6.4556341381e-03 
769000 -3.6216668389e-02 -7.8728651574e-03 -2.8793870198e-02 -1.8335075035e-03 
770000 +6.7955069704e-02 +6.0905362657e-03 +2.6705212201e-03 -8.6688752354e-03 
771000 +2.4257895175e-02 +6.7962354990e-03 +3.1989451814e-02 -8.5499010643e-03 
772000 -7.2240915738e-02 -7.2752475792e-03 +3.5695373896e-02 -1.5949481346e-03 
773000 -1.1991125315e-02 -5.5639261766e-03 +1.0847389493e-02 +6.6368479237e-03 
774000 +7.4231563835e-02 +8.2282678279e-03 -2.2700253969e-02 +9.5638175378e-03 
775000 -1.0882011562e-03 +4.1134963671e-03 -3.8056915292e-02 +4.8194353330e-03 
776000 -7.4120550007e-02 -8.9483255868e-03 -2.2954000821e-02 -3.7677399527e-03 
777000 +1.3663353176e-02 -2.5942933219e-03 +1.0512394260e-02 -9.3504651171e-03 
778000 +7.1671488282e-02 +9.3869200597e-03 +3.5577100585e-02 -7.4439864447e-03 
779000 -2.6289095971e-02 +9.4422856863e-04 +3.2138110907e-02 +4.2758095544e-04 
780000 -6.7220523196e-02 -9.5620360348e-03 +2.9859722755e-03 +7.9453057705e-03 
781000 +3.7700523453e-02 +6.8424544819e-04 -2.8557568610e-02 +9.1178951214e-03 
782000 +6.0586516482e-02 +9.4298660415e-03 -3.7244202474e-02 +2.9785195485e-03 
783000 -4.8358859067e-02 -2.3365371335e-03 -1.6097546633e-02 -5.5392136640e-03 
784000 -5.2360067690e-02 -9.0428593936e-03 +1.7921858737e-02 -9.6226013222e-03 
785000 +5.7263176431e-02 +3.8825334006e-03 +3.7603242138e-02 -6.0111408331e-03 
786000 +4.2300896568e-02 +8.3523658613e-03 +2.7176996383e-02 +2.4241939893e-03 
787000 -6.4693931626e-02 -5.3411325865e-03 -5.0136178829e-03 +8.9073764703e-03 
788000 -3.1294420560e-02 -7.4506024609e-03 -3.3185893850e-02 +8.2702789813e-03 
789000 +7.0020641327e-02 +6.6195368018e-03 -3.4799287129e-02 +1.0090973843e-03 
790000 +1.8989546624e-02 +6.2823359716e-03 -8.5477299814e-03 -7.0615932822e-03 
791000 -7.3370219949e-02 -7.7139482682e-03 +2.4548437085e-02 -9.4728983669e-03 
792000 -6.5113994303e-03 -4.9727254230e-03 +3.7998651424e-02 -4.3124321843e-03 
793000 +7.4446031760e-02 +8.5680948314e-03 +2.1029185926e-02 +4.3109243625e-03 
794000 -6.5785656226e-03 +3.4658862730e-03 -1.2774991965e-02 +9.4738542682e-03 
795000 -7.3362389986e-02 -9.1733552019e-03 -3.6356593788e-02 +7.0578406123e-03 
796000 +1.9054151250e-02 -1.9033093085e-03 -3.0843421155e-02 -1.0054628783e-03 
797000 +7.0003922997e-02 +9.4953814407e-03 -6.3195454247e-04 -8.2713003385e-03 
798000 -3.1365771931e-02 +2.3819708634e-04 +3.0075489629e-02 -8.9030059980e-03 
799000 -6.4665726377e-02 -9.5457328136e-03 +3.6720186884e-02 -2.4213928588e-03 
800000 +4.2363100881e-02 +1.3919994010e-03 +1.3973231810e-02 +6.0079011356e-03 
801000 +5.7222478775e-02 +9.2918435797e-03 -1.9965427373e-02 +9.6239175785e-03 
802000 -5.2427149556e-02 -3.0171139402e-03 -3.7905967636e-02 +5.5301820542e-03 
803000 -4.8303219650e-02 -8.7865345113e-03 -2.5524215458e-02 -2.9781389793e-03 
804000 +6.0636514730e-02 +4.5206360239e-03 +7.2977513218e-03 -9.1174671047e-03 
805000 +3.7632955151e-02 +7.9838792547e-03 +3.4273633158e-02 -7.9437259822e-03 
806000 -6.7264868952e-02 -5.9143555040e-03 +3.3801200956e-02 -4.1744220402e-04 
807000 -2.6209520640e-02 -6.9853330050e-03 +6.2934804709e-03 +7.4411453867e-03 
808000 +7.1694596397e-02 +7.1107015123e-03 -2.6268027865e-02 +9.3530727111e-03 
809000 +1.3579680163e-02 +5.7289925017e-03 -3.7785645218e-02 +3.7617275840e-03 
810000 -7.4126897611e-02 -8.1112452630e-03 -1.9053797759e-02 -4.8266300902e-03 
811000 -1.0020229941e-03 -4.3548267654e-03 +1.4916265545e-02 -9.5612988375e-03 
812000 +7.4221164800e-02 +8.8549317413e-03 +3.6960565850e-02 -6.6402841933e-03 
813000 -1.2071091969e-02 +2.7955653770e-03 +2.9395908305e-02 +1.6037800366e-03 
814000 -7.2209826115e-02 -9.3482001295e-03 -1.6931918685e-03 +8.5523098962e-03 
815000 +2.4330513526e-02 -1.2060211569e-03 -3.1424718524e-02 +8.6691046632e-03 
816000 +6.7918314526e-02 +9.5463401907e-03 -3.6006656421e-02 +1.8349646679e-03 
817000 -3.6278129454e-02 -4.6908081673e-04 -1.1747323427e-02 -6.4633717793e-03 
818000 -6.1745107610e-02 -9.4780595166e-03 +2.1907760418e-02 -9.5868913033e-03 
819000 +4.6780585571e-02 +2.0875267709e-03 +3.8031261908e-02 -5.0442386825e-03 
820000 +5.3537177236e-02 +9.1025083606e-03 +2.3707477663e-02 +3.5473688211e-03 
821000 -5.6181616597e-02 -3.6787918595e-03 -9.6022350005e-03 +9.2882557391e-03 
822000 -4.3967222432e-02 -8.4838263401e-03 -3.5224881938e-02 +7.6035410840e-03 
823000 +6.3675342376e-02 +5.1333381270e-03 -3.2654128410e-02 -1.7136117010e-04 
824000 +3.2787575650e-02 +7.5760409567e-03 -3.9385986981e-03 -7.8103903758e-03 
825000 -6.9431867930e-02 -6.4534029136e-03 +2.7930486773e-02 -9.1904105918e-03 
826000 -2.0972426479e-02 -6.4820365694e-03 +3.7450441715e-02 -3.2250633012e-03 
827000 +7.2994784315e-02 +7.5673592883e-03 +1.6987275132e-02 +5.3332089214e-03 
828000 +8.1378552063e-03 +5.1490447683e-03 -1.7071996826e-02 +9.6120143461e-03 
829000 -7.4461021074e-02 -8.4638118997e-03 -3.7466963598e-02 +6.2009429178e-03 
830000 +4.5196437399e-03 -3.7099918228e-03 -2.7882605872e-02 -2.1707497051e-03 
831000 +7.3619717315e-02 +9.0989809591e-03 +4.0328765891e-03 -8.8134670214e-03 
832000 -1.7477026105e-02 +2.1111849609e-03 +3.2706465773e-02 -8.3865321814e-03 
833000 -7.0669872218e-02 -9.4715341245e-03 +3.5209149095e-02 -1.2600328807e-03 
834000 +2.9482566268e-02 -4.9742075700e-04 +9.5341045216e-03 +6.8840568111e-03 
835000 +6.5474468815e-02 +9.5467839889e-03 -2.3783103984e-02 +9.5151262487e-03 
836000 -4.1008793961e-02 -1.1759943045e-03 -3.8041363946e-02 +4.5213334987e-03 
837000 -5.8503675144e-02 -9.3570738612e-03 -2.1867559626e-02 -4.0781619922e-03 
838000 +5.0944925268e-02 +2.7736138325e-03 +1.1815582404e-02 -9.4286358412e-03 
839000 +4.9538193892e-02 +8.8596203601e-03 +3.6040816869e-02 -7.2180728790e-03 
840000 -5.9665222830e-02 -4.3229619335e-03 +3.1397247736e-02 +7.6630595134e-04 
841000 -3.9401590078e-02 -8.1335406463e-03 +1.6425583658e-03 +8.1334948403e-03 
842000 +6.6350051270e-02 +5.7145803895e-03 -2.9440471793e-02 +9.0013460307e-03 
843000 +2.7720295266e-02 +7.1210290026e-03 -3.6944783238e-02 +2.6476241987e-03 
844000 -7.1243552514e-02 -6.9580028199e-03 -1.4866418746e-02 -5.8126255891e-03 
845000 -1.5624808424e-02 -5.9447531403e-03 +1.9097270991e-02 -9.6281859955e-03 
846000 +7.3863544517e-02 +7.9761646772e-03 +3.7787519513e-02 -5.7364593972e-03 
847000 +2.6216388989e-03 +4.5380475145e-03 +2.6210975234e-02 +2.7554250987e-03 
848000 -7.4384553051e-02 -8.7698347951e-03 -6.3464311075e-03 +9.0302075275e-03 
849000 +1.0011609108e-02 -3.0488870148e-03 -3.3819965353e-02 +8.0897781814e-03 
850000 +7.2589982420e-02 +9.2891336361e-03 -3.4226947399e-02 +6.6368156848e-04 
851000 -2.2779819877e-02 +1.4167407455e-03 -7.2208413174e-03 -7.2896414724e-03 
852000 -6.8722634764e-02 -9.5434202939e-03 +2.5562674923e-02 -9.4064829280e-03 
853000 +3.4468135916e-02 +2.1076833083e-04 +3.7887587357e-02 -4.0013825702e-03 
854000 +6.2677717911e-02 +9.4965762529e-03 +1.9881145008e-02 +4.6171631393e-03 
855000 -4.5478166189e-02 -1.8731623843e-03 -1.4044849607e-02 +9.5286090358e-03 
856000 -5.4924068537e-02 -9.1857322185e-03 -3.6731866303e-02 +6.8220457033e-03 
857000 +5.4835947975e-02 +3.4458496461e-03 -3.0018106184e-02 -1.3492353545e-03 
858000 +4.5303713983e-02 +8.5736355179e-03 +7.2940830497e-04 -8.4415453623e-03 
859000 -6.2787904109e-02 -4.9415620861e-03 +3.0889880305e-02 -8.7688742978e-03 
860000 -3.4613081469e-02 -7.7379753510e-03 +3.6336507145e-02 -2.0889897724e-03 
861000 +6.8682828204e-02 +6.2699011160e-03 +1.2690415162e-02 +6.2751845136e-03 
862000 +2.2537945820e-02 +6.6311651067e-03 -2.1111237771e-02 +9.6053644914e-03 
863000 -7.2658440255e-02 -7.4245578773e-03 -3.8010679315e-02 +5.2501245151e-03 
864000 -1.0189220557e-02 -5.3715136111e-03 -2.4500210909e-02 -3.3033718076e-03 
865000 +7.4350733873e-02 +8.3460473864e-03 +8.6360647843e-03 -9.2229283047e-03 
866000 -2.9031682735e-03 +3.9018764341e-03 +3.4844123744e-02 -7.7437319803e-03 
867000 -7.3919205856e-02 -9.0280588779e-03 +3.3165406830e-02 -7.9330620551e-05 
868000 +1.5451399236e-02 -2.3673140934e-03 +4.9499675082e-03 +7.6564879309e-03 
869000 +7.1162898061e-02 +9.4280626046e-03 -2.7241696016e-02 +9.2630891410e-03 
870000 -2.7987537756e-02 +7.1107565225e-04 -3.7603227895e-02 +3.4444744754e-03 
871000 -6.6421220739e-02 -9.5623764050e-03 -1.7879372313e-02 -5.1169661747e-03 
872000 +3.9261343061e-02 +9.1803047449e-04 +1.6156571729e-02 -9.5977135650e-03 
873000 +5.9506605527e-02 +9.3890539103e-03 +3.7264422803e-02 -6.3838220474e-03 
874000 -4.9737002183e-02 -2.5630059419e-03 +2.8520225267e-02 +1.9382733321e-03 
875000 -5.1053542463e-02 -8.9638456064e-03 -3.0348635728e-03 +8.7034349350e-03 
876000 +5.8408151372e-02 +4.0946403067e-03 -3.2170335883e-02 +8.5139392012e-03 
877000 +4.0779735330e-02 +8.2350803589e-03 -3.5547015112e-02 +1.4938515782e-03 
878000 -6.5582611597e-02 -5.5335775344e-03 -1.0455554071e-02 -6.7106880198e-03 
879000 -2.9634438275e-02 -7.3020141328e-03 +2.2991941916e-02 -9.5501029274e-03 
880000 +7.0612385599e-02 +6.7849377402e-03 +3.8045972623e-02 -4.7461131928e-03 
881000 +1.7214710935e-02 +6.1035719887e-03 +2.2631267278e-02 +3.8652352936e-03 
882000 -7.3660730832e-02 -7.8496540439e-03 -1.0902963930e-02 +9.3716273627e-03 
883000 -4.6962178509e-03 -4.7722843321e-03 -3.5706741949e-02 +7.3886479375e-03 
884000 +7.4417302008e-02 +8.6680905994e-03 -3.1932275922e-02 -5.1772145895e-04 
885000 -8.3903517471e-03 +3.2473543776e-03 -2.5861972220e-03 -8.0056572888e-03 
886000 -7.3022058750e-02 -9.2366438032e-03 +2.8830830185e-02 -9.0839417621e-03 
887000 +2.0808513155e-02 -1.6742442212e-03 +3.7173929546e-02 -2.8983098064e-03 
888000 +6.9363064828e-02 +9.5188839970e-03 +1.5755936798e-02 +5.6175242762e-03 
889000 -3.2999907263e-02 +5.4008420369e-06 -1.8274723134e-02 +9.6249106376e-03 
890000 -6.3738946590e-02 -9.5291677235e-03 -3.7683443626e-02 +5.9374385133e-03 
891000 +4.3849866221e-02 +1.6232134906e-03 -2.6930528649e-02 -2.5067352782e-03 
892000 +5.6047095556e-02 +9.2359107466e-03 +5.3857862339e-03 -8.9456420158e-03 
893000 -5.3696013985e-02 -3.2373060162e-03 +3.3382338876e-02 -8.2147449995e-03 
894000 -4.6901572240e-02 -8.6916274744e-03 +3.4672970828e-02 -9.2122555888e-04 
895000 +6.1680183411e-02 +4.7265749340e-03 +8.2029933277e-03 +7.1226024344e-03 
896000 +3.6058529563e-02 +7.8542697299e-03 -2.4831811776e-02 +9.4541222068e-03 
897000 -6.8024072629e-02 -6.0961039434e-03 -3.7979978891e-02 +4.2198201633e-03 
898000 -2.4497464525e-02 -6.8229227235e-03 -2.0746595416e-02 -4.3863429933e-03 
899000 +7.2168725296e-02 +7.2660366799e-03 +1.3108549504e-02 -9.4934499983e-03 
900000 +1.1787296199e-02 +5.5404224625e-03 +3.6456343824e-02 -6.9844245560e-03 
901000 -7.4287197209e-02 -8.2326842885e-03 +3.0620298321e-02 +1.1028155732e-03 
902000 +8.1939638263e-04 -4.1444137780e-03 +2.8935178367e-04 +8.3136156457e-03 
903000 +7.4064383814e-02 +8.9402062740e-03 -3.0289330362e-02 +8.8715307891e-03 
904000 -1.3870282691e-02 +2.5706016925e-03 -3.6598373413e-02 +2.3159726445e-03 
905000 -7.1748206095e-02 -9.3945974875e-03 -1.3620386285e-02 -6.0787970964e-03 
906000 +2.6044391006e-02 -9.7333461266e-04 +2.0255788175e-02 -9.6221975343e-03 
907000 +6.7146592287e-02 +9.5512745604e-03 +3.7926189699e-02 -5.4534593527e-03 
908000 -3.7866222806e-02 -7.0301050232e-04 +2.5213798464e-02 +3.0806580129e-03 
909000 -6.0712301168e-02 -9.4440329814e-03 -7.6675986507e-03 +9.1422889613e-03 
910000 +4.8180892195e-02 +2.3143918550e-03 -3.4416906506e-02 +7.8982289319e-03 
911000 +5.2245594387e-02 +9.0273892422e-03 -3.3613500880e-02 +3.1769441445e-04 
912000 -5.7364178931e-02 -3.8934903408e-03 -5.8880541635e-03 -7.5071469217e-03 
913000 -4.2485148864e-02 -8.3737520166e-03 +2.6540851718e-02 -9.3281578954e-03 
914000 +6.4595224821e-02 +5.3278512933e-03 +3.7732395573e-02 -3.6841874000e-03 
915000 +3.1136787449e-02 +7.4308417954e-03 +1.8710725404e-02 +4.9166071863e-03 
916000 -7.0066817664e-02 -6.6236441631e-03 -1.5293704552e-02 +9.5712954097e-03 
917000 -1.9218548374e-02 -6.3089119546e-03 -3.7055878800e-02 +6.5762368075e-03 
918000 +7.3328029416e-02 +7.7073574753e-03 -2.9157525497e-02 -1.6914405345e-03 
919000 +6.3284790108e-03 +4.9512725245e-03 +2.0868897506e-03 -8.6007682617e-03 
920000 -7.4476692891e-02 -8.5698977371e-03 +3.1662547211e-02 -8.6240118118e-03 
921000 +6.3367274083e-03 -3.4937314033e-03 +3.5900337522e-02 -1.7516283173e-03 
922000 +7.3330259440e-02 +9.1683318529e-03 +1.1394252951e-02 +6.5333969646e-03 
923000 -1.9232543162e-02 +1.8836899864e-03 -2.2228370980e-02 +9.5758627306e-03 
924000 -7.0069249472e-02 -9.5009564300e-03 -3.8064864746e-02 +4.9629496197e-03 
925000 +3.1148631807e-02 -2.6311303431e-04 -2.3437274832e-02 -3.6264066418e-03 
926000 +6.4596126876e-02 +9.5367632862e-03 +9.9602090128e-03 -9.3151245181e-03 
927000 -4.2509053945e-02 -1.4069693876e-03 +3.5370702619e-02 -7.5365353268e-03 
928000 -5.7359260335e-02 -9.3059205724e-03 +3.2484533561e-02 +2.6071476030e-04 
929000 +5.2262677171e-02 +2.9979323780e-03 +3.5920555306e-03 +7.8626591382e-03 
930000 +4.8170212771e-02 +8.7704433801e-03 -2.8177578927e-02 +9.1606247797e-03 
931000 -6.0737248753e-02 -4.5301624014e-03 -3.7375865787e-02 +3.1257212435e-03 
932000 -3.7846561110e-02 -8.0075580168e-03 -1.6678009615e-02 -5.4034108289e-03 
933000 +6.7160038210e-02 +5.9012854869e-03 +1.7383429474e-02 -9.6209036394e-03 
934000 +2.6020393665e-02 +6.9628234533e-03 +3.7518839735e-02 -6.1201214128e-03 
935000 -7.1759236601e-02 -7.1164511737e-03 +2.7612845247e-02 +2.2684285538e-03 
936000 -1.3841073008e-02 -5.7591748688e-03 -4.3777700942e-03 +8.8455935145e-03 
937000 +7.4064959237e-02 +8.1022293278e-03 -3.2880491080e-02 +8.3462823253e-03 
938000 +7.9243747348e-04 +4.3300781048e-03 -3.5042022093e-02 +1.1529071459e-03 
939000 -7.4277906484e-02 -8.8604354362e-03 -9.1555542744e-03 -6.9490059914e-03 
940000 +1.1812028420e-02 -2.8263702109e-03 +2.4051671720e-02 -9.5017686127e-03 
941000 +7.2157590542e-02 +9.3397260877e-03 +3.8016460560e-02 -4.4409157306e-03 
942000 -2.4515104890e-02 +1.1845557967e-03 +2.1527922007e-02 +4.1761728857e-03 
943000 -6.8002855088e-02 -9.5555993893e-03 -1.2184989999e-02 +9.4433046204e-03 
944000 +3.6069606082e-02 +4.4360669003e-04 -3.6146505533e-02 +7.1635401917e-03 
945000 +6.1667329323e-02 +9.4667116431e-03 -3.1173584535e-02 -8.6323536085e-04 
946000 -4.6907921764e-02 -2.1016546264e-03 -1.2329014064e-03 -8.1899326459e-03 
947000 -5.3677025245e-02 -9.1183454526e-03 +2.9689641443e-02 -8.9655796522e-03 
948000 +5.6048335499e-02 +3.6619598113e-03 +3.6851663462e-02 -2.5667275020e-03 
949000 +4.3842092350e-02 +8.4677820781e-03 +1.4508510663e-02 +5.8938341793e-03 
950000 -6.3742546269e-02 -5.1396503204e-03 -1.9452337510e-02 +9.6261420408e-03 
951000 -3.2988897432e-02 -7.5988563664e-03 -3.7846169841e-02 +5.6647008223e-03 
952000 +6.9364860308e-02 +6.4444599052e-03 -2.5944636984e-02 -2.8397526013e-03 
953000 +2.0801391019e-02 +6.4618820920e-03 +6.7280620693e-03 -9.0661667304e-03 
954000 -7.3030052918e-02 -7.5693098392e-03 +3.4015032742e-02 -8.0335717641e-03 
955000 -8.3809810299e-03 -5.1765324641e-03 +3.4085165925e-02 -5.7856307361e-04 
956000 +7.4423380311e-02 +8.4584852708e-03 +6.8619236197e-03 +7.3509546255e-03 
957000 -4.7124667642e-03 +3.6884756712e-03 -2.5846433316e-02 +9.3823829343e-03 
958000 -7.3668881811e-02 -9.1023747304e-03 -3.7870309246e-02 +3.9132215903e-03 
959000 +1.7230685234e-02 -2.1391866938e-03 -1.9590211731e-02 -4.6914015748e-03 
960000 +7.0615226374e-02 +9.4642498688e-03 +1.4383670278e-02 -9.5444121660e-03 
961000 -2.9661648067e-02 +4.7820971719e-04 +3.6825386618e-02 -6.7446550478e-03 
962000 -6.5579142564e-02 -9.5570448010e-03 +2.9804160242e-02 +1.4390532010e-03 
963000 +4.0800807671e-02 +1.1518164936e-03 -1.0736091474e-03 +8.4842014878e-03 
964000 +5.8398220406e-02 +9.3437226416e-03 -3.1098079585e-02 +8.7292916098e-03 
965000 -5.1080487344e-02 -2.7876594568e-03 -3.6207973452e-02 +1.9845086829e-03 
966000 -4.9716188673e-02 -8.8792574472e-03 -1.2355810456e-02 -6.3392757853e-03 
967000 +5.9522057202e-02 +4.3053341448e-03 +2.1396892224e-02 -9.6033454212e-03 
968000 +3.9239088120e-02 +8.1134235627e-03 +3.8015585843e-02 -5.1638475324e-03 
969000 -6.6433255140e-02 -5.7228596044e-03 +2.4189030241e-02 +3.3997520914e-03 
970000 -2.7957537337e-02 -7.1485095749e-03 -8.9809718358e-03 +9.2444313182e-03 
971000 +7.1164615767e-02 +6.9468969016e-03 -3.4976645325e-02 +7.6952145463e-03 
972000 +1.5427795851e-02 +5.9207951437e-03 -3.2957625552e-02 -2.7196758363e-05 
973000 -7.3912379653e-02 -7.9808486824e-03 -4.5529246026e-03 -7.7142968202e-03 
974000 -2.8789139221e-03 -4.5685610023e-03 +2.7486892277e-02 -9.2382729307e-03 
975000 +7.4342139041e-02 +8.7624911317e-03 +3.7534288798e-02 -3.3613821107e-03 
976000 -1.0204255515e-02 +3.0260779834e-03 +1.7518130526e-02 +5.2083164139e-03 
977000 -7.2642524600e-02 -9.2944343572e-03 -1.6518128666e-02 +9.6017789114e-03 
978000 +2.2549035123e-02 -1.4444394812e-03 -3.7332927648e-02 +6.3209841087e-03 
979000 +6.8674268761e-02 +9.5355829511e-03 -2.8264334545e-02 -2.0312356092e-03 
980000 -3.4620790479e-02 -2.2790359818e-04 +3.4397942630e-03 -8.7487704114e-03 
981000 -6.2775168974e-02 -9.5069934248e-03 +3.2389996306e-02 -8.4676880672e-03 
982000 +4.5307334048e-02 +1.8525261702e-03 +3.5416911660e-02 -1.4106209520e-03 
983000 +5.4832022422e-02 +9.1736097179e-03 +1.0088118570e-02 +6.7823117804e-03 
984000 -5.4933557431e-02 -3.4555139255e-03 -2.3316288650e-02 +9.5353620110e-03 
985000 -4.5470684094e-02 -8.5919104831e-03 -3.8064849431e-02 +4.6676608314e-03 
986000 +6.2683747130e-02 +4.9288403531e-03 -2.2341905252e-02 -3.9453006002e-03 
987000 +3.4462121871e-02 +7.7200540552e-03 +1.1267354456e-02 -9.3949871430e-03 
988000 -6.8738005537e-02 -6.2739340713e-03 +3.5853001476e-02 -7.3215463956e-03 
989000 -2.2769386491e-02 -6.6568954664e-03 +3.1754951825e-02 +6.0329347492e-04 
990000 +7.2599767847e-02 +7.4170656643e-03 +2.2271457650e-03 +8.0578239155e-03 
991000 +9.9939487585e-03 +5.3493430507e-03 -2.9074516562e-02 +9.0475547432e-03 
992000 -7.4397691902e-02 -8.3490758353e-03 -3.7102955332e-02 +2.8041049979e-03 
993000 +2.6415490532e-03 -3.9315052358e-03 -1.5446558332e-02 -5.6857276000e-03 
994000 +7.3868157693e-02 +9.0210819584e-03 +1.8589594656e-02 -9.6299977098e-03 
995000 -1.5653609013e-02 +2.3448279472e-03 +3.7724751198e-02 -5.8512174852e-03 
996000 -7.1241521318e-02 -9.4353555887e-03 +2.6672569619e-02 +2.5959990357e-03 
997000 +2.7744860083e-02 -7.3933701892e-04 -5.7243707608e-03 +8.9778951144e-03 
998000 +6.6341166189e-02 +9.5515245409e-03 -3.3549366257e-02 +8.1665699489e-03 
999000 -3.9428814851e-02 -9.3639802934e-04 -3.4494323865e-02 +8.1356474092e-04 
1000000 -5.9644376851e-02 -9.4041443535e-03 -7.8455277932e-03 -7.1798035708e-03 
